           5  0.19231540199231931        7.4729999999999999       0.28939639730485839       0.11447577347289699        9.9999999999999988E-019  -9.3005436364891669E-002
          10  0.20496410536586696        9.7129999999999992       0.65166274406351565       0.19832842027772643        9.9999999999999988E-019 -0.17217542586754769     
          15  0.21769824070719565        11.037000000000001       0.97902980307637266       0.26221668253411146        9.9999999999999988E-019 -0.24079461141754352     
          20  0.23050917690390157        11.914999999999999        1.2594421422574336       0.31246373736245425        9.9999999999999988E-019 -0.30119464411881042     
          25  0.24338964146375472        12.531000000000001        1.4960553552975564       0.35292090291367201        9.9999999999999988E-019 -0.35494040774716534     
          30  0.25633343916623352        12.978999999999999        1.6954993870636457       0.38616406122306540        1.1389882570407787E-002 -0.40325041516356008     
          35  0.26933524139144144        13.313000000000001        1.8642948454089745       0.41395593668912595        1.3612212294440547E-002 -0.44706324388553131     
          40  0.28239042558207411        13.566000000000001        2.0078324336824407       0.43751314030648830        1.5921696730662641E-002 -0.48707489059786735     
          45  0.29549495099554324        13.760000000000000        2.1306735314949874       0.45773479357660207        1.8316746801390213E-002 -0.52386317630968993     
          50  0.30864526120350178        13.910000000000000        2.2364836097279270       0.47528492355330565        2.0795802393190614E-002 -0.55789062939892475     
          55  0.32183820662543883        14.026000000000000        2.3279738635009255       0.49063634240328657        2.3356370494578362E-002 -0.58948584012727268     
          60  0.33507098228687260        14.115000000000000        2.4072350511070182       0.50414221421899952        2.5995653337393038E-002 -0.61889746927677969     
          65  0.34834107729970654        14.185000000000000        2.4771158671026319       0.51621715099368426        2.8716408091694248E-002 -0.64657866412518816     
          70  0.36164623347603736        14.237000000000000        2.5378412421467069       0.52694029991422531        3.1511085094023082E-002 -0.67245966527672696     
          75  0.37498441113605180        14.276999999999999        2.5917939146261766       0.53663495105264236        3.4383583078993987E-002 -0.69696150762839759     
          80  0.38835376063907634        14.307000000000000        2.6398035205205717       0.54542931375710135        3.7331705010255262E-002 -0.72019419035213728     
          85  0.40175259850943884        14.327000000000000        2.6819097931973603       0.55335565658727481        4.0349824825821071E-002 -0.74210134037553366     
          90  0.41517938728251935        14.340999999999999        2.7198382677495352       0.56063356163013089        4.3442058271507107E-002 -0.76302580497030947     
          95  0.42863271838648526        14.349000000000000        2.7536691851934725       0.56729058726188542        4.6604426883737921E-002 -0.78294596871195654     
         100  0.44211129751918410        14.352000000000000        2.7839040372116295       0.57339946535677033        4.9835707601809380E-002 -0.80194496664874104     
         105  0.45561393208981410        14.352000000000000        2.8114637183936422       0.57907592052330581        5.3137794701204534E-002 -0.82021698200815929     
         110  0.46913952038002565        14.348000000000001        2.8360166205767841       0.58429591801446312        5.6505408225023153E-002 -0.83765897591045346     
         115  0.48268704214533775        14.340999999999999        2.8580627425286598       0.58912543209123547        5.9938594541412246E-002 -0.85437345255005803     
         120  0.49625555042974751        14.333000000000000        2.8785137446717735       0.59367212152240367        6.3440653258262508E-002 -0.87057444006531171     
         125  0.50984416440754676        14.321999999999999        2.8966116171277356       0.59786350971239144        6.7004070781062422E-002 -0.88605872236561189     
         130  0.52345206309912906        14.310000000000000        2.9132582079494935       0.60180361684586292        7.0632673762529269E-002 -0.90104561305105313     
         135  0.53707847983386103        14.297000000000001        2.9285181131709930       0.60550599296299523        7.4324913827186034E-002 -0.91554540345188085     
         140  0.55072269735430801        14.282999999999999        2.9424519283033992       0.60898330770562703        7.8079327172856122E-002 -0.92956827422840471     
         145  0.56438404347333249        14.268000000000001        2.9551164901929128       0.61224740529485655        8.1894526940123308E-002 -0.94312426324798138     
         150  0.57806188720965479        14.253000000000000        2.9669764612480631       0.61535150092498891        8.5772428848875218E-002 -0.95633413518946275     
         155  0.59175563533901321        14.237000000000000        2.9776686353587865       0.61826310397332473        8.9708683537202794E-002 -0.96909810819004105     
         160  0.60546472930759254        14.221000000000000        2.9876493306590350       0.62103336580605484        9.3705462441120060E-002 -0.98153782975204606     
         165  0.61918864246228900        14.204000000000001        2.9965510590108306       0.62362923625495925        9.7758388712926553E-002 -0.99355141817398474     
         170  0.63292687755896482        14.186999999999999        3.0048225821693189       0.62610001512554936       0.10186986793367647       -1.0052612369992755     
         175  0.64667896451534668        14.170000000000000        3.0124996377381619       0.62845270759540128       0.10603904758605831       -1.0166776048794977     
         180  0.66044445837984733        14.154000000000000        3.0200212296965097       0.63073401558394160       0.11026874569529004       -1.0279251419385327     
         185  0.67422293749149531        14.137000000000000        3.0266062454185998       0.63286942469588925       0.11455098600441015       -1.0387844749701565     
         190  0.68801400180944827        14.119999999999999        3.0326904147605500       0.63490512165816515       0.11888859070032484       -1.0493788936692516     
         195  0.70181727139338534        14.103000000000000        3.0383009597149213       0.63684645178254873       0.12328084649283322       -1.0597171688111997     
         200  0.71563238501844850        14.087000000000000        3.0438651791321352       0.63873740039774440       0.12773095674569040       -1.0699244201699243     
         205  0.72945899891046562        14.071000000000000        3.0490032227052266       0.64054311715999945       0.13223450206543172       -1.0798929179320700     
         210  0.74329678558893031        14.054000000000000        3.0533374699124449       0.64222958313444067       0.13678683589717872       -1.0895127839324281     
         215  0.75714543280673119        14.039000000000000        3.0580888512522360       0.64391623341872306       0.14139938775343822       -1.0991441434955402     
         220  0.77100464257692680        14.023000000000000        3.0620770805178887       0.64549165697724575       0.14605953026777738       -1.1084413619314462     
         225  0.78487413027799224        14.007000000000000        3.0657206125749754       0.64699793387717353       0.15077070921966246       -1.1175288326225996     
         230  0.79875362382994120        13.992000000000001        3.0694332367900987       0.64847590447715053       0.15553663727083591       -1.1265322327278000     
         235  0.81264286293458265        13.977000000000000        3.0728331078166806       0.64989090142299444       0.16035264661594217       -1.1353394227643949     
         240  0.82654159837391972        13.962999999999999        3.0763303741350736       0.65128291274950489       0.16522260617961598       -1.1440762353973901     
         245  0.84044959136133846        13.948000000000000        3.0791491185274227       0.65258070910173149       0.17013731599017057       -1.1525090993002960     
         250  0.85436661294082072        13.933999999999999        3.0820917418842861       0.65386065350154954       0.17510511846046331       -1.1608835326509159     
         255  0.86829244342990219        13.920999999999999        3.0851687392846792       0.65512464485173172       0.18012572663672591       -1.1692057974311851     
         260  0.88222687190254967        13.907000000000000        3.0876066709817063       0.65630235779983082       0.18518962230459540       -1.1772396817769768     
         265  0.89616969570851512        13.894000000000000        3.0902010703340896       0.65746841291117342       0.19030554876126338       -1.1852319715908051     
         270  0.91012072002607247        13.881000000000000        3.0925703780181357       0.65858871696563359       0.19546851531970127       -1.1930665471891828     
         275  0.92407975744534554        13.869000000000000        3.0951143183342729       0.65970077572788122       0.20068290490022128       -1.2008698842278649     
         280  0.93804662757971147        13.856000000000000        3.0970629138234003       0.66073543973589111       0.20593877232437852       -1.2084026509748402     
         285  0.95202115670300069        13.845000000000001        3.0995917471043004       0.66180033758189560       0.21125029701146905       -1.2160357333698653     
         290  0.96600317741043096        13.833000000000000        3.1015431260543771       0.66279144772292287       0.21660252015830508       -1.2234063977663712     
         295  0.97999252830140771        13.821999999999999        3.1037009197497980       0.66378040054618603       0.22200495791630490       -1.2307637699735656     
         300  0.99398905368248980        13.811000000000000        3.1056848378765030       0.66473371277429461       0.22745232806945792       -1.2379890313612292     
         305   1.0079926032889779        13.800000000000001        3.1075023066131422       0.66565288992909011       0.23294427388090250       -1.2450857414540522     
         310   1.0220030320237170        13.789000000000000        3.1091603671691308       0.66653935980705548       0.23848044702263232       -1.2520573319127868     
         315   1.0360201997118312        13.779000000000000        3.1110501572287119       0.66742852119383589       0.24406577140016711       -1.2590311136436541     
         320   1.0500439708702198        13.769000000000000        3.1127924348163871       0.66828730457911623       0.24969476583573399       -1.2658867385344512     
         325   1.0640742144907411        13.760000000000000        3.1147766323696064       0.66915067830901043       0.25537248345913838       -1.2727517380373008     
         330   1.0781108038361067        13.750000000000000        3.1162412117061837       0.66995219926504412       0.26108790819264843       -1.2793803607905598     
         335   1.0921536162475856        13.741000000000000        3.1179579051362740       0.67076030961543631       0.26685154178857667       -1.2860246142895988     
         340   1.1062025329636953        13.731999999999999        3.1195485632574247       0.67154234773748844       0.27265770236603842       -1.2925627769488042     
         345   1.1202574389491191        13.724000000000000        3.1213995510174923       0.67233249619455215       0.27851169694342298       -1.2991228527234673     
         350   1.1343182227331596        13.715999999999999        3.1231332901866424       0.67309829693704271       0.28440774223873955       -1.3055824786238439     
         355   1.1483847762570800        13.708000000000000        3.1247543211752431       0.67384068645813433       0.29034555293443531       -1.3119441198584987     
         360   1.1624569947297481        13.699999999999999        3.1262669693724989       0.67456055704290574       0.29632484935078118       -1.3182101594081441     
         365   1.1765347764910354        13.693000000000000        3.1280550089288139       0.67529140513541541       0.30235118545935274       -1.3245091029194151     
         370   1.1906180228824697        13.685000000000000        3.1293626528184744       0.67596863017394015       0.30841269240268115       -1.3305909792472714     
         375   1.2047066381246738        13.678000000000001        3.1309525760939567       0.67665818368013908       0.31452081825435368       -1.3367105495532139     
         380   1.2188005292011623        13.672000000000001        3.1328272231019190       0.67736046178547427       0.32067547088377241       -1.3428705076648579     
         385   1.2328996057480974        13.664999999999999        3.1342326838321553       0.67801148048731341       0.32686446298049454       -1.3488194296046379     
         390   1.2470037799496361        13.659000000000001        3.1359288946928570       0.67867640437654198       0.33309958939511863       -1.3548130976213630     
         395   1.2611129664385210        13.653000000000000        3.1375405298771777       0.67932360080983500       0.33937461106794925       -1.3607265726401852     
         400   1.2752270822016059        13.647000000000000        3.1390706148954797       0.67995370176061809       0.34568928796155557       -1.3665616742392166     
         405   1.2893460464900097        13.641999999999999        3.1408988699653513       0.68059907836335032       0.35204965292823787       -1.3724479855295875     
         410   1.3034697807336342        13.635999999999999        3.1422740991082221       0.68119667846299037       0.35844299153908571       -1.3781317687885140     
         415   1.3175982084597835        13.631000000000000        3.1439523314140780       0.68181049725514420       0.36488166791343729       -1.3838705160932878     
         420   1.3317312552156484        13.625999999999999        3.1455592957857950       0.68240930539336508       0.37135918934765932       -1.3895380071218213     
         425   1.3458688484944354        13.621000000000000        3.1470974399163989       0.68299361755384103       0.37787533571092669       -1.3951357933840816     
         430   1.3600109176649324        13.617000000000001        3.1489445716788413       0.68359523571458691       0.38443643079889478       -1.4007941815833644     
         435   1.3741573939043144        13.613000000000000        3.1507269921947234       0.68418315532593965       0.39103582932902603       -1.4063862183635403     
         440   1.3883082101340161        13.609000000000000        3.1524468759164943       0.68475783663199719       0.39767332191264976       -1.4119133166009026     
         445   1.4024633009584946        13.605000000000000        3.1541063072946485       0.68531972086262605       0.40434870248522764       -1.4173768474799779     
         450   1.4166226026067299        13.601000000000001        3.1557072850805858       0.68586923114069498       0.41106176818983686       -1.4227781419704326     
         455   1.4307860528763110        13.597000000000000        3.1572517263974520       0.68640677334046829       0.41781231928217610       -1.4281184922457839     
         460   1.4449535910799733        13.593999999999999        3.1591156744873197       0.68696357712668110       0.42460702057365018       -1.4335291247210409     
         465   1.4591251579944551        13.590999999999999        3.1609263323950603       0.68750903598224755       0.43143892370687226       -1.4388816734023659     
         470   1.4733006958115502        13.587999999999999        3.1626854148136259       0.68804351542502118       0.43830783804837109       -1.4441773201032992     
         475   1.4874801480912454        13.585000000000001        3.1643945683741395       0.68856736648557848       0.44521357581955745       -1.4494172131534226     
         480   1.5016634597168346        13.583000000000000        3.1664289558344301       0.68911149787368486       0.45216302420106441       -1.4547332237507808     
         485   1.5158505768519046        13.580000000000000        3.1680427907956417       0.68961502892497983       0.45914190943372740       -1.4598651197675967     
         490   1.5300414468991066        13.577999999999999        3.1699845824627757       0.69013935591424724       0.46616424844731758       -1.4650756632882280     
         495   1.5442360184606130        13.576000000000001        3.1718821720050143       0.69065421269959648       0.47322279189322469       -1.4702351234203366     
         500   1.5584342413001862        13.574000000000000        3.1737369270653422       0.69115989293315760       0.48031736513168810       -1.4753444964249809     
