           1  0.12999127363042098        9.7789999999999999        8.3951487237508934E-002   2.5377532737050741E-002  -7.2587187727974156E-019  -2.7833959870179975E-002
           2  0.14348964742676534        9.4350000000000005       0.11828261311085655        3.7059064711359328E-002  -1.0246826523948215E-002  -4.1741764646139698E-002
           3  0.15616122318746489        9.6340000000000003       0.17261228764344300        5.2963968050196257E-002  -1.3069554458089482E-002  -5.6838731745506396E-002
           4  0.17050347583662273        9.8330000000000002       0.22117329377778061        6.6490882172699356E-002  -2.1373254009064133E-002  -6.9196400138349518E-002
           5  0.18105905746495279        10.166000000000000       0.28023207280483314        8.1486034292400852E-002  -1.2240048235004693E-002  -8.3513057849589720E-002
           6  0.18778440985368450        10.324000000000000       0.32444772795078447        9.2899246164482294E-002  -1.3764170231862159E-002  -9.4021614986659618E-002
           7  0.19343381241332350        10.507000000000000       0.36713663150038922       0.10329146454387675       -2.2307968151437613E-002 -0.10462333461048180     
           8  0.19998156492173946        10.711000000000000       0.41843517368724875       0.11548181832298887       -1.6618542802558360E-002 -0.11615206723865082     
           9  0.20753167615573270        10.856999999999999       0.45842310034308370       0.12481653001258922       -2.4280094792205956E-002 -0.12598316899146186     
          10  0.21503891590034624        11.048999999999999       0.50833090331928965       0.13600002489180640       -1.9953802650317407E-002 -0.13675874757089379     
