           5  0.22196847204935014        6.2340000000000000       0.19402268615881665        9.2002825150292566E-002   9.9999999999999988E-019  -7.3689626310394080E-002
          10  0.23618435793557241        8.1699999999999999       0.44760123463378887       0.16195138551653335        9.9999999999999988E-019 -0.13712251852213503     
          15  0.25043067218339909        9.3460000000000001       0.68564235229447434       0.21686392216551340        9.9999999999999988E-019 -0.19259838247877836     
          20  0.26470418015259795        10.143000000000001       0.89561685179622130       0.26101849405240213        9.9999999999999988E-019 -0.24167462582456828     
          25  0.27900217921406728        10.715999999999999        1.0778734531824523       0.29733807093284037        9.9999999999999988E-019 -0.28563784868375136     
          30  0.29332238415903633        11.141999999999999        1.2351337035663057       0.32769232299136303        9.9999999999999988E-019 -0.32533410883115643     
          35  0.30766284244817893        11.465999999999999        1.3708021488129138       0.35340955538567365        9.9999999999999988E-019 -0.36143020176670171     
          40  0.32202187033351548        11.717000000000001        1.4883135869979121       0.37548575460312816        9.9999999999999988E-019 -0.39449663433209980     
          45  0.33639800390320246        11.914000000000000        1.5905528363611952       0.39464440790216715        9.9999999999999988E-019 -0.42497394729829580     
          50  0.35078996100340792        12.069000000000001        1.6796254751893556       0.41139273150802669        1.0381856726633432E-002 -0.45313867718182282     
          55  0.36519661122585234        12.193000000000000        1.7579492824840941       0.42619781228730980        1.1627203945434495E-002 -0.47932082660597009     
          60  0.37961695196915551        12.291000000000000        1.8265971500734002       0.43930991541804787        1.2907993479304103E-002 -0.50384638061910958     
          65  0.39405008913801642        12.369000000000000        1.8872333176771949       0.45103106391402809        1.4221337214918060E-002 -0.52675699291749678     
          70  0.40849522142861044        12.432000000000000        1.9413883390040083       0.46162238853131221        1.5568869628681649E-002 -0.54838259412492940     
          75  0.42295162741900827        12.481000000000000        1.9892807508067392       0.47115320050004256        1.6947672610005179E-002 -0.56870792651695534     
          80  0.43741865487670251        12.519000000000000        2.0319259640199046       0.47979275853423908        1.8357817321858084E-002 -0.58790394724721085     
          85  0.45189571183549210        12.548999999999999        2.0704019872438613       0.48770926404031373        1.9800170349978420E-002 -0.60617074286365968     
          90  0.46638225909696740        12.571000000000000        2.1047190611696980       0.49492541553951275        2.1272267664765379E-002 -0.62347460670385735     
          95  0.48087780388844553        12.587000000000000        2.1356433769736447       0.50155890963592331        2.2774601677983279E-002 -0.63996177522201414     
         100  0.49538189446683628        12.598000000000001        2.1635864691299158       0.50767771644175386        2.4306708082641369E-002 -0.65570405185994662     
         105  0.50989411550171926        12.605000000000000        2.1889673519771495       0.51334800991637064        2.5868407991677788E-002 -0.67078071441008114     
         110  0.52441408410453583        12.608000000000001        2.2118368951155611       0.51858786086046416        2.7456731412094357E-002 -0.68509626055411710     
         115  0.53894144639683517        12.608000000000001        2.2326190279415017       0.52346044519528667        2.9074906919829363E-002 -0.69891903369456065     
         120  0.55347587453084790        12.605000000000000        2.2513656659046184       0.52798141696461676        3.0720287898261700E-002 -0.71216016753346523     
         125  0.56801706409167163        12.600000000000000        2.2684994111745289       0.53221066641966230        3.2393429144207619E-002 -0.72491436549471810     
         130  0.58256473182304558        12.593000000000000        2.2840690773092143       0.53616131959873226        3.4093411804027224E-002 -0.73718619127857898     
         135  0.59711861362882801        12.584000000000000        2.2981216681879708       0.53984583679980569        3.5821094148016604E-002 -0.74907510696729074     
         140  0.61167846281044169        12.574000000000000        2.3110723065535161       0.54331979231709759        3.7574001282881228E-002 -0.76049302521025930     
         145  0.62624404850713888        12.563000000000001        2.3229623630572886       0.54659324742295423        3.9353151953666884E-002 -0.77154101799876051     
         150  0.64081515431130343        12.551000000000000        2.3338310256957127       0.54967568713914849        4.1157911003895674E-002 -0.78222621589016328     
         155  0.65539157703538997        12.538000000000000        2.3437154235364273       0.55257605444492297        4.2987675074326097E-002 -0.79255565730158917     
         160  0.66997312561070510        12.525000000000000        2.3530177954078533       0.55534507621239670        4.4841869869447763E-002 -0.80253627319548648     
         165  0.68455962010122129        12.510000000000000        2.3610365181224360       0.55790575741876736        4.6721895855365250E-002 -0.81227271260997924     
         170  0.69915089081808313        12.496000000000000        2.3689017521469369       0.56039142501422501        4.8625352678535870E-002 -0.82167467504634428     
         175  0.71374677752253068        12.481000000000000        2.3759091423158334       0.56272459080772985        5.0553757279791410E-002 -0.83084728884671000     
         180  0.72834712870669682        12.465000000000000        2.3820868958252368       0.56491195512046422        5.2506733062429353E-002 -0.83979800347324618     
         185  0.74295180094318380        12.449999999999999        2.3881871015230702       0.56704097880600879        5.4481833504793006E-002 -0.84843457316028581     
         190  0.75756065829555663        12.433999999999999        2.3935060821765100       0.56903518512706497        5.6482856211979765E-002 -0.85696236489271438     
         195  0.77217357178292778        12.417999999999999        2.3984286186195685       0.57094015773762608        5.8505265137951387E-002 -0.86518889053762382     
         200  0.78679041889269419        12.401999999999999        2.4029746561823306       0.57276030533576705        6.0548645775373534E-002 -0.87311963145676330     
         205  0.80141108313624410        12.385999999999999        2.4071629899249682       0.57449978487344178        6.2617041638414292E-002 -0.88096117960425713     
         210  0.81603545364309238        12.369000000000000        2.4106532470394728       0.57612351825064345        6.4708009340863334E-002 -0.88861941226526020     
         215  0.83066342478946609        12.353000000000000        2.4141790323086942       0.57771345283995168        6.6821271847433666E-002 -0.89610003114578229     
         220  0.84529489585783169        12.337000000000000        2.4173970638771500       0.57923377041425350        6.8956562675660846E-002 -0.90340851784786347     
         225  0.85992977072427823        12.321000000000000        2.4203221183829724       0.58068774499626208        7.1113625239314249E-002 -0.91055014303688764     
         230  0.87456795757101835        12.305000000000000        2.4229681186532996       0.58207846252320616        7.3289828081127814E-002 -0.91742819776269324     
         235  0.88920936862159039        12.289000000000000        2.4253482551103054       0.58340884882620192        7.5489669042836188E-002 -0.92425092067817838     
         240  0.90385391989660679        12.273000000000000        2.4274749531491233       0.58468166072926697        7.7713013256778679E-002 -0.93102357496795840     
         245  0.91850153098813836        12.257000000000000        2.4293599186885992       0.58589949593190838        7.9954774224472197E-002 -0.93754654359607181     
         250  0.93315212485102450        12.241000000000000        2.4310142668234231       0.58706482303733765        8.2217152515637965E-002 -0.94392613686060012     
         255  0.94780562760958542        12.226000000000001        2.4327982612427430       0.58821643383797984        8.4502481114681921E-002 -0.95026916089755131     
         260  0.96246196837837084        12.210000000000001        2.4340214136305329       0.58928336202275811        8.6805506205207592E-002 -0.95637452447408633     
         265  0.97712107909571944        12.195000000000000        2.4353918011009967       0.59034037051575472        8.9131145454379335E-002 -0.96245148030492500     
         270  0.99178289436902844        12.180000000000000        2.4365685892611668       0.59135299610018088        9.1476666964101450E-002 -0.96840110736086704     
         275   1.0064473513307453        12.164999999999999        2.4375602454138905       0.59232313213825449        9.3841885956790938E-002 -0.97422697695646476     
         280   1.0211143895041819        12.150000000000000        2.4383747998089937       0.59325257500784945        9.6226622895212749E-002 -0.97993253076541520     
         285   1.0357839506783535        12.135999999999999        2.4393644814110327       0.59417801247421864        9.8630703244474913E-002 -0.98552108619677015     
         290   1.0504559787911052        12.121000000000000        2.4398464944052169       0.59503087418108247       0.10105671240966434      -0.99109929919306539     
         295   1.0651304198198683        12.106999999999999        2.4405161104520214       0.59588243670640606       0.10350179003128118      -0.99656698089836893     
         300   1.0798072216794492        12.093000000000000        2.4410352537171827       0.59669918859108739       0.10596296040179620       -1.0018234541733759     
         305   1.0944863341262987        12.079000000000001        2.4414101905061818       0.59748254233798836       0.10844566625865600       -1.0070787644233146     
         310   1.1091677086687779        12.065000000000000        2.4416468463699177       0.59823383351702897       0.11094984379200674       -1.0123359115443140     
         315   1.1238512984829565        12.051000000000000        2.4417508222509618       0.59895432427894046       0.11346962530205069       -1.0173900398268818     
         320   1.1385370583335406        12.038000000000000        2.4420666054205369       0.59967868754099629       0.11601064242418621       -1.0224513683324434     
         325   1.1532249444995508        12.025000000000000        2.4422586894910658       0.60037420836069044       0.11856691697774878       -1.0273145759845617     
         330   1.1679149147044077        12.012000000000000        2.4423320081552338       0.60104200724338008       0.12114420491119712       -1.0321899810365409     
         335   1.1826069280501057        11.999000000000001        2.4422912098091629       0.60168313926465711       0.12373943770153005       -1.0369759556132994     
         340   1.1973009449551950        11.986000000000001        2.4421407646783178       0.60229862013569646       0.12635553190233015       -1.0417788913320056     
         345   1.2119969270962967        11.974000000000000        2.4422203464767054       0.60292187328471070       0.12898628851854177       -1.0463926656090741     
         350   1.2266948373529150        11.961000000000000        2.4418624151849033       0.60348870821567702       0.13163770754796428       -1.0510277305895575     
         355   1.2413946397553199        11.949000000000000        2.4417410806452371       0.60406475562543882       0.13430661566536836       -1.0555819302927434     
         360   1.2560962994352958        11.936999999999999        2.4415245976022679       0.60461839866441514       0.13699289131880085       -1.0600572071446204     
         365   1.2707997825795612        11.925000000000001        2.4412165214863739       0.60515045104845555       0.13969641548110051       -1.0644554411818810     
         370   1.2855050563856913        11.913000000000000        2.4408202511164134       0.60566169091068167       0.14241707150604271       -1.0687784524236077     
         375   1.3002120890203783        11.901999999999999        2.4406705166051861       0.60618426292838812       0.14515799404627117       -1.0731324464826799     
         380   1.3149208495798743        11.891000000000000        2.4404376606159195       0.60668713797033080       0.14791260185996122       -1.0773102746247840     
         385   1.3296313080524917        11.879000000000000        2.4397945100358931       0.60713995759359818       0.15068731092843377       -1.0815225024528738     
         390   1.3443434352830186        11.868000000000000        2.4394049527734980       0.60760566192870891       0.15347876461638910       -1.0856662834082285     
         395   1.3590572029389392        11.858000000000001        2.4392699028895724       0.60808439687841898       0.15628685727798183       -1.0897431651899652     
         400   1.3737725834783450        11.847000000000000        2.4387334271315071       0.60851514439164089       0.15911487424537643       -1.0938592208200588     
         405   1.3884895501194392        11.836000000000000        2.4381276098706017       0.60892937431127392       0.16195596373897150       -1.0978067813415044     
         410   1.4032080768115294        11.826000000000001        2.4377821524190710       0.60935792966448543       0.16481683137627950       -1.1017964196544836     
         415   1.4179281382074329        11.816000000000001        2.4373709574975853       0.60977076448753165       0.16769051784847225       -1.1056202995900331     
         420   1.4326497096372024        11.805999999999999        2.4368963144531035       0.61016841205717076       0.17058384353254877       -1.1094889876815681     
         425   1.4473727670830980        11.795999999999999        2.4363603601002506       0.61055136923392228       0.17349326905395229       -1.1132991576519162     
         430   1.4620972871557383        11.786000000000000        2.4357651863974636       0.61092012331409140       0.17642225625255303       -1.1171567304406400     
         435   1.4768232470713551        11.776000000000000        2.4351127401138504       0.61127512680299334       0.17936363149745302       -1.1208535850611046     
         440   1.4915506246300998        11.766999999999999        2.4347289531888046       0.61164624715709992       0.18232444146280963       -1.1246002530798740     
         445   1.5062793981953342        11.757999999999999        2.4342906078576467       0.61200421913784597       0.18529740643501447       -1.1281884978246743     
         450   1.5210095466738565        11.747999999999999        2.4334765627163062       0.61232032942897552       0.18828968536832941       -1.1318288287658766     
         455   1.5357410494970112        11.739000000000001        2.4329349421258826       0.61265339117853035       0.19129758317888820       -1.1354176275213692     
         460   1.5504738866026322        11.730000000000000        2.4323439249603012       0.61297451559906413       0.19432101570327465       -1.1389559411339196     
         465   1.5652080384177773        11.722000000000000        2.4320265947353601       0.61331283194269992       0.19735989992268410       -1.1424447874936536     
         470   1.5799434858422130        11.712999999999999        2.4313410277371985       0.61361106706806445       0.20041792644402778       -1.1459898977126173     
         475   1.5946802102326052        11.705000000000000        2.4309311905112829       0.61392694737211795       0.20348749784416031       -1.1493827575004261     
         480   1.6094181933873855        11.696000000000000        2.4301569551053328       0.61420367827146005       0.20657610578971716       -1.1528337886974320     
         485   1.6241574175322546        11.688000000000001        2.4296603400398391       0.61449847618782227       0.20967990029915096       -1.1562391597598749     
         490   1.6388978653062904        11.680000000000000        2.4291221141186159       0.61478314670318379       0.21279880464814382       -1.1595997561076332     
         495   1.6536395197486318        11.672000000000001        2.4285435578269938       0.61505799329193200       0.21593274325753428       -1.1629164395272138     
         500   1.6683823642857074        11.664000000000000        2.4279259052294617       0.61532330849632888       0.21908164168271124       -1.1661900489383397     
