231. 2.58988
234. 3.60431
237. 4.34571
240. 4.94176
243. 5.44301
246. 5.87593
249. 6.25655
252. 6.5955
255. 6.90028
258. 7.17645
261. 7.42825
264. 7.659
267. 7.87141
270. 8.06765
273. 8.24955
276. 8.41863
279. 8.57621
282. 8.7234
285. 8.86116
288. 8.99033
291. 9.11167
294. 9.22581
297. 9.33334
300. 9.43477
303. 9.53056
306. 9.62113
309. 9.70685
312. 9.78807
315. 9.86508
318. 9.93816
321. 10.0076
324. 10.0736
327. 10.1363
330. 10.1961
333. 10.2529
336. 10.3071
339. 10.3588
342. 10.4081
345. 10.4552
348. 10.5001
351. 10.543
354. 10.584
357. 10.6232
360. 10.6607
363. 10.6966
366. 10.7309
369. 10.7637
372. 10.7951
375. 10.8252
378. 10.8541
381. 10.8817
384. 10.9082
387. 10.9335
390. 10.9578
393. 10.9811
396. 11.0035
399. 11.0249
402. 11.0454
405. 11.0651
408. 11.084
411. 11.1021
414. 11.1195
417. 11.1361
420. 11.1521
423. 11.1674
426. 11.1821
429. 11.1962
432. 11.2097
435. 11.2226
438. 11.235
441. 11.2469
444. 11.2583
447. 11.2692
450. 11.2796
453. 11.2896
456. 11.2991
459. 11.3083
462. 11.317
465. 11.3254
468. 11.3334
471. 11.341
474. 11.3483
477. 11.3553
480. 11.3619
483. 11.3682
486. 11.3742
489. 11.38
492. 11.3854
495. 11.3906
498. 11.3955
501. 11.4002
504. 11.4046
507. 11.4088
510. 11.4127
513. 11.4165
516. 11.42
519. 11.4233
522. 11.4264
525. 11.4293
528. 11.432
531. 11.4345
534. 11.4369
537. 11.4391
540. 11.4411
543. 11.443
546. 11.4447
549. 11.4462
552. 11.4476
555. 11.4489
558. 11.45
561. 11.451
564. 11.4518
567. 11.4526
570. 11.4532
573. 11.4536
576. 11.454
579. 11.4543
582. 11.4544
585. 11.4545
588. 11.4544
591. 11.4543
594. 11.454
597. 11.4537
600. 11.4532
603. 11.4527
606. 11.4521
609. 11.4514
612. 11.4506
615. 11.4498
618. 11.4488
621. 11.4478
624. 11.4467
627. 11.4456
630. 11.4444
633. 11.4431
636. 11.4417
639. 11.4403
642. 11.4389
645. 11.4373
648. 11.4357
651. 11.4341
654. 11.4324
657. 11.4306
660. 11.4288
663. 11.427
666. 11.4251
669. 11.4232
672. 11.4212
675. 11.4191
678. 11.417
681. 11.4149
684. 11.4128
687. 11.4106
690. 11.4083
693. 11.4061
696. 11.4037
699. 11.4014
702. 11.399
705. 11.3966
708. 11.3941
711. 11.3917
714. 11.3892
717. 11.3866
720. 11.3841
723. 11.3815
726. 11.3788
729. 11.3762
732. 11.3735
735. 11.3708
738. 11.3681
741. 11.3654
744. 11.3626
747. 11.3598
750. 11.357
753. 11.3542
756. 11.3513
759. 11.3484
762. 11.3455
765. 11.3426
768. 11.3397
771. 11.3368
774. 11.3338
777. 11.3308
780. 11.3278
783. 11.3248
786. 11.3218
789. 11.3188
792. 11.3157
795. 11.3127
798. 11.3096
801. 11.3065
804. 11.3034
807. 11.3003
810. 11.2972
813. 11.294
816. 11.2909
819. 11.2878
822. 11.2846
825. 11.2814
828. 11.2782
831. 11.2751
834. 11.2719
837. 11.2687
840. 11.2655
843. 11.2622
846. 11.259
849. 11.2558
852. 11.2525
855. 11.2493
858. 11.246
861. 11.2428
864. 11.2395
867. 11.2363
870. 11.233
873. 11.2297
876. 11.2264
879. 11.2232
882. 11.2199
885. 11.2166
888. 11.2133
891. 11.21
894. 11.2067
897. 11.2034
900. 11.2001
903. 11.1968
906. 11.1935
909. 11.1901
912. 11.1868
915. 11.1835
918. 11.1802
921. 11.1769
924. 11.1736
927. 11.1702
930. 11.1669
933. 11.1636
936. 11.1603
939. 11.1569
942. 11.1536
945. 11.1503
948. 11.147
951. 11.1436
954. 11.1403
957. 11.137
960. 11.1337
963. 11.1303
966. 11.127
969. 11.1237
972. 11.1204
975. 11.1171
978. 11.1137
981. 11.1104
984. 11.1071
987. 11.1038
990. 11.1005
993. 11.0972
996. 11.0939
999. 11.0905
1002. 11.0872
1005. 11.0839
1008. 11.0806
1011. 11.0773
1014. 11.074
1017. 11.0707
1020. 11.0674
1023. 11.0641
1026. 11.0609
1029. 11.0576
1032. 11.0543
1035. 11.051
1038. 11.0477
1041. 11.0445
1044. 11.0412
1047. 11.0379
1050. 11.0346
1053. 11.0314
1056. 11.0281
1059. 11.0249
1062. 11.0216
1065. 11.0184
1068. 11.0151
1071. 11.0119
1074. 11.0086
1077. 11.0054
1080. 11.0022
1083. 10.9989
1086. 10.9957
1089. 10.9925
1092. 10.9893
1095. 10.986
1098. 10.9828
1101. 10.9796
1104. 10.9764
1107. 10.9732
1110. 10.97
1113. 10.9668
1116. 10.9636
1119. 10.9605
1122. 10.9573
1125. 10.9541
1128. 10.9509
1131. 10.9478
1134. 10.9446
1137. 10.9414
1140. 10.9383
1143. 10.9351
1146. 10.932
1149. 10.9288
1152. 10.9257
1155. 10.9226
1158. 10.9194
1161. 10.9163
1164. 10.9132
1167. 10.9101
1170. 10.907
1173. 10.9039
1176. 10.9008
1179. 10.8977
1182. 10.8946
1185. 10.8915
1188. 10.8884
1191. 10.8853
1194. 10.8822
1197. 10.8792
1200. 10.8761
1203. 10.873
1206. 10.87
1209. 10.8669
1212. 10.8639
1215. 10.8608
1218. 10.8578
1221. 10.8548
1224. 10.8517
1227. 10.8487
1230. 10.8457
1233. 10.8427
1236. 10.8397
1239. 10.8367
1242. 10.8337
1245. 10.8307
1248. 10.8277
1251. 10.8247
1254. 10.8217
1257. 10.8187
1260. 10.8158
1263. 10.8128
1266. 10.8098
1269. 10.8069
1272. 10.8039
1275. 10.801
1278. 10.798
1281. 10.7951
1284. 10.7922
1287. 10.7892
1290. 10.7863
1293. 10.7834
1296. 10.7805
1299. 10.7776
1302. 10.7747
1305. 10.7718
1308. 10.7689
1311. 10.766
1314. 10.7631
1317. 10.7602
1320. 10.7574
1323. 10.7545
1326. 10.7516
1329. 10.7488
1332. 10.7459
1335. 10.7431
1338. 10.7402
1341. 10.7374
1344. 10.7345
1347. 10.7317
1350. 10.7289
1353. 10.7261
1356. 10.7232
1359. 10.7204
1362. 10.7176
1365. 10.7148
1368. 10.712
1371. 10.7092
1374. 10.7064
1377. 10.7037
1380. 10.7009
1383. 10.6981
1386. 10.6953
1389. 10.6926
1392. 10.6898
1395. 10.6871
1398. 10.6843
1401. 10.6816
1404. 10.6788
1407. 10.6761
1410. 10.6734
1413. 10.6706
1416. 10.6679
1419. 10.6652
1422. 10.6625
1425. 10.6598
1428. 10.6571
1431. 10.6544
1434. 10.6517
1437. 10.649
1440. 10.6463
1443. 10.6436
1446. 10.641
1449. 10.6383
1452. 10.6356
1455. 10.633
1458. 10.6303
1461. 10.6277
1464. 10.625
1467. 10.6224
1470. 10.6198
1473. 10.6171
1476. 10.6145
1479. 10.6119
1482. 10.6093
1485. 10.6066
1488. 10.604
1491. 10.6014
1494. 10.5988
1497. 10.5962
1500. 10.5936
1503. 10.5911
1506. 10.5885
1509. 10.5859
1512. 10.5833
1515. 10.5808
1518. 10.5782
1521. 10.5756
1524. 10.5731
1527. 10.5705
1530. 10.568
1533. 10.5655
1536. 10.5629
1539. 10.5604
1542. 10.5579
1545. 10.5553
1548. 10.5528
1551. 10.5503
1554. 10.5478
1557. 10.5453
1560. 10.5428
1563. 10.5403
1566. 10.5378
1569. 10.5353
1572. 10.5328
1575. 10.5304
1578. 10.5279
1581. 10.5254
1584. 10.523
1587. 10.5205
1590. 10.518
1593. 10.5156
1596. 10.5131
1599. 10.5107
1602. 10.5083
1605. 10.5058
1608. 10.5034
1611. 10.501
1614. 10.4986
1617. 10.4961
1620. 10.4937
1623. 10.4913
1626. 10.4889
1629. 10.4865
1632. 10.4841
1635. 10.4817
1638. 10.4793
1641. 10.4769
1644. 10.4746
1647. 10.4722
1650. 10.4698
1653. 10.4675
1656. 10.4651
1659. 10.4627
1662. 10.4604
1665. 10.458
1668. 10.4557
1671. 10.4533
1674. 10.451
1677. 10.4487
1680. 10.4463
1683. 10.444
1686. 10.4417
1689. 10.4394
1692. 10.4371
1695. 10.4348
1698. 10.4324
1701. 10.4301
1704. 10.4279
1707. 10.4256
1710. 10.4233
1713. 10.421
1716. 10.4187
1719. 10.4164
1722. 10.4142
1725. 10.4119
1728. 10.4096
1731. 10.4074
1734. 10.4051
1737. 10.4028
1740. 10.4006
1743. 10.3983
1746. 10.3961
1749. 10.3939
1752. 10.3916
1755. 10.3894
1758. 10.3872
1761. 10.385
1764. 10.3827
1767. 10.3805
1770. 10.3783
1773. 10.3761
1776. 10.3739
1779. 10.3717
1782. 10.3695
1785. 10.3673
1788. 10.3651
1791. 10.3629
1794. 10.3608
1797. 10.3586
1800. 10.3564
1803. 10.3542
1806. 10.3521
1809. 10.3499
1812. 10.3477
1815. 10.3456
1818. 10.3434
1821. 10.3413
1824. 10.3391
1827. 10.337
1830. 10.3349
1833. 10.3327
1836. 10.3306
1839. 10.3285
1842. 10.3264
1845. 10.3242
1848. 10.3221
1851. 10.32
1854. 10.3179
1857. 10.3158
1860. 10.3137
1863. 10.3116
1866. 10.3095
1869. 10.3074
1872. 10.3053
1875. 10.3033
1878. 10.3012
1881. 10.2991
1884. 10.297
1887. 10.295
1890. 10.2929
1893. 10.2908
1896. 10.2888
1899. 10.2867
1902. 10.2847
1905. 10.2826
1908. 10.2806
1911. 10.2785
1914. 10.2765
1917. 10.2745
1920. 10.2724
1923. 10.2704
1926. 10.2684
1929. 10.2664
1932. 10.2643
1935. 10.2623
1938. 10.2603
1941. 10.2583
1944. 10.2563
1947. 10.2543
1950. 10.2523
1953. 10.2503
1956. 10.2483
1959. 10.2463
1962. 10.2443
1965. 10.2424
1968. 10.2404
1971. 10.2384
1974. 10.2364
1977. 10.2345
1980. 10.2325
1983. 10.2305
1986. 10.2286
1989. 10.2266
1992. 10.2247
1995. 10.2227
1998. 10.2208
2001. 10.2188
2004. 10.2169
2007. 10.215
2010. 10.213
2013. 10.2111
2016. 10.2092
2019. 10.2073
2022. 10.2053
2025. 10.2034
