2.58988 0.0149508
3.60431 0.0405067
4.34571 0.0713593
4.94176 0.10546
5.44301 0.141615
5.87593 0.179036
6.25655 0.217173
6.5955 0.255626
6.90028 0.294103
7.17645 0.332382
7.42825 0.370298
7.659 0.407727
7.87141 0.444575
8.06765 0.480773
8.24955 0.51627
8.41863 0.551033
8.57621 0.585035
8.7234 0.618264
8.86116 0.650712
8.99033 0.682377
9.11167 0.713262
9.22581 0.743375
9.33334 0.772725
9.43477 0.801324
9.53056 0.829186
9.62113 0.856325
9.70685 0.882757
9.78807 0.908499
9.86508 0.933568
9.93816 0.957981
10.0076 0.981754
10.0736 1.00491
10.1363 1.02745
10.1961 1.04941
10.2529 1.0708
10.3071 1.09164
10.3588 1.11194
10.4081 1.13171
10.4552 1.15098
10.5001 1.16976
10.543 1.18805
10.584 1.20589
10.6232 1.22328
10.6607 1.24023
10.6966 1.25676
10.7309 1.27287
10.7637 1.28859
10.7951 1.30393
10.8252 1.31889
10.8541 1.33348
10.8817 1.34772
10.9082 1.36162
10.9335 1.37519
10.9578 1.38843
10.9811 1.40136
11.0035 1.41399
11.0249 1.42632
11.0454 1.43836
11.0651 1.45012
11.084 1.46161
11.1021 1.47284
11.1195 1.48381
11.1361 1.49453
11.1521 1.50501
11.1674 1.51525
11.1821 1.52526
11.1962 1.53506
11.2097 1.54463
11.2226 1.55399
11.235 1.56315
11.2469 1.57211
11.2583 1.58087
11.2692 1.58944
11.2796 1.59783
11.2896 1.60604
11.2991 1.61407
11.3083 1.62193
11.317 1.62963
11.3254 1.63716
11.3334 1.64454
11.341 1.65176
11.3483 1.65884
11.3553 1.66576
11.3619 1.67254
11.3682 1.67919
11.3742 1.6857
11.38 1.69207
11.3854 1.69832
11.3906 1.70444
11.3955 1.71043
11.4002 1.71631
11.4046 1.72207
11.4088 1.72771
11.4127 1.73324
11.4165 1.73866
11.42 1.74398
11.4233 1.74919
11.4264 1.7543
11.4293 1.75931
11.432 1.76422
11.4345 1.76904
11.4369 1.77376
11.4391 1.77839
11.4411 1.78294
11.443 1.78739
11.4447 1.79177
11.4462 1.79605
11.4476 1.80026
11.4489 1.80439
11.45 1.80844
11.451 1.81241
11.4518 1.81631
11.4526 1.82013
11.4532 1.82388
11.4536 1.82757
11.454 1.83118
11.4543 1.83473
11.4544 1.83821
11.4545 1.84163
11.4544 1.84498
11.4543 1.84828
11.454 1.85151
11.4537 1.85468
11.4532 1.85779
11.4527 1.86085
11.4521 1.86385
11.4514 1.8668
11.4506 1.86969
11.4498 1.87253
11.4488 1.87532
11.4478 1.87806
11.4467 1.88075
11.4456 1.88339
11.4444 1.88598
11.4431 1.88853
11.4417 1.89103
11.4403 1.89348
11.4389 1.8959
11.4373 1.89826
11.4357 1.90059
11.4341 1.90287
11.4324 1.90511
11.4306 1.90732
11.4288 1.90948
11.427 1.9116
11.4251 1.91369
11.4232 1.91574
11.4212 1.91775
11.4191 1.91973
11.417 1.92167
11.4149 1.92358
11.4128 1.92545
11.4106 1.92729
11.4083 1.92909
11.4061 1.93087
11.4037 1.93261
11.4014 1.93432
11.399 1.936
11.3966 1.93765
11.3941 1.93927
11.3917 1.94086
11.3892 1.94243
11.3866 1.94396
11.3841 1.94547
11.3815 1.94695
11.3788 1.9484
11.3762 1.94983
11.3735 1.95123
11.3708 1.95261
11.3681 1.95396
11.3654 1.95529
11.3626 1.95659
11.3598 1.95787
11.357 1.95913
11.3542 1.96036
11.3513 1.96157
11.3484 1.96276
11.3455 1.96393
11.3426 1.96508
11.3397 1.9662
11.3368 1.96731
11.3338 1.96839
11.3308 1.96945
11.3278 1.9705
11.3248 1.97152
11.3218 1.97253
11.3188 1.97351
11.3157 1.97448
11.3127 1.97543
11.3096 1.97636
11.3065 1.97728
11.3034 1.97817
11.3003 1.97905
11.2972 1.97992
11.294 1.98076
11.2909 1.98159
11.2878 1.98241
11.2846 1.9832
11.2814 1.98399
11.2782 1.98475
11.2751 1.98551
11.2719 1.98624
11.2687 1.98697
11.2655 1.98767
11.2622 1.98837
11.259 1.98905
11.2558 1.98971
11.2525 1.99037
11.2493 1.99101
11.246 1.99163
11.2428 1.99224
11.2395 1.99284
11.2363 1.99343
11.233 1.99401
11.2297 1.99457
11.2264 1.99512
11.2232 1.99566
11.2199 1.99619
11.2166 1.9967
11.2133 1.99721
11.21 1.9977
11.2067 1.99818
11.2034 1.99865
11.2001 1.99912
11.1968 1.99957
11.1935 2.
11.1901 2.00043
11.1868 2.00085
11.1835 2.00126
11.1802 2.00166
11.1769 2.00205
11.1736 2.00243
11.1702 2.0028
11.1669 2.00316
11.1636 2.00352
11.1603 2.00386
11.1569 2.00419
11.1536 2.00452
11.1503 2.00484
11.147 2.00515
11.1436 2.00545
11.1403 2.00574
11.137 2.00602
11.1337 2.0063
11.1303 2.00656
11.127 2.00682
11.1237 2.00708
11.1204 2.00732
11.1171 2.00756
11.1137 2.00779
11.1104 2.00801
11.1071 2.00822
11.1038 2.00843
11.1005 2.00863
11.0972 2.00882
11.0939 2.00901
11.0905 2.00919
11.0872 2.00936
11.0839 2.00953
11.0806 2.00969
11.0773 2.00985
11.074 2.00999
11.0707 2.01013
11.0674 2.01027
11.0641 2.0104
11.0609 2.01052
11.0576 2.01064
11.0543 2.01075
11.051 2.01086
11.0477 2.01096
11.0445 2.01105
11.0412 2.01114
11.0379 2.01122
11.0346 2.0113
11.0314 2.01138
11.0281 2.01144
11.0249 2.01151
11.0216 2.01156
11.0184 2.01162
11.0151 2.01166
11.0119 2.01171
11.0086 2.01174
11.0054 2.01178
11.0022 2.0118
10.9989 2.01183
10.9957 2.01185
10.9925 2.01186
10.9893 2.01187
10.986 2.01188
10.9828 2.01188
10.9796 2.01187
10.9764 2.01187
10.9732 2.01185
10.97 2.01184
10.9668 2.01182
10.9636 2.0118
10.9605 2.01177
10.9573 2.01174
10.9541 2.0117
10.9509 2.01166
10.9478 2.01162
10.9446 2.01157
10.9414 2.01152
10.9383 2.01147
10.9351 2.01141
10.932 2.01135
10.9288 2.01128
10.9257 2.01121
10.9226 2.01114
10.9194 2.01107
10.9163 2.01099
10.9132 2.01091
10.9101 2.01082
10.907 2.01073
10.9039 2.01064
10.9008 2.01055
10.8977 2.01045
10.8946 2.01035
10.8915 2.01024
10.8884 2.01014
10.8853 2.01003
10.8822 2.00991
10.8792 2.0098
10.8761 2.00968
10.873 2.00956
10.87 2.00944
10.8669 2.00931
10.8639 2.00918
10.8608 2.00905
10.8578 2.00892
10.8548 2.00878
10.8517 2.00864
10.8487 2.0085
10.8457 2.00835
10.8427 2.00821
10.8397 2.00806
10.8367 2.0079
10.8337 2.00775
10.8307 2.00759
10.8277 2.00743
10.8247 2.00727
10.8217 2.00711
10.8187 2.00695
10.8158 2.00678
10.8128 2.00661
10.8098 2.00644
10.8069 2.00626
10.8039 2.00609
10.801 2.00591
10.798 2.00573
10.7951 2.00554
10.7922 2.00536
10.7892 2.00517
10.7863 2.00499
10.7834 2.0048
10.7805 2.0046
10.7776 2.00441
10.7747 2.00421
10.7718 2.00402
10.7689 2.00382
10.766 2.00362
10.7631 2.00341
10.7602 2.00321
10.7574 2.003
10.7545 2.00279
10.7516 2.00259
10.7488 2.00237
10.7459 2.00216
10.7431 2.00195
10.7402 2.00173
10.7374 2.00151
10.7345 2.00129
10.7317 2.00107
10.7289 2.00085
10.7261 2.00063
10.7232 2.0004
10.7204 2.00018
10.7176 1.99995
10.7148 1.99972
10.712 1.99949
10.7092 1.99926
10.7064 1.99902
10.7037 1.99879
10.7009 1.99855
10.6981 1.99832
10.6953 1.99808
10.6926 1.99784
10.6898 1.9976
10.6871 1.99735
10.6843 1.99711
10.6816 1.99686
10.6788 1.99662
10.6761 1.99637
10.6734 1.99612
10.6706 1.99587
10.6679 1.99562
10.6652 1.99537
10.6625 1.99512
10.6598 1.99486
10.6571 1.99461
10.6544 1.99435
10.6517 1.9941
10.649 1.99384
10.6463 1.99358
10.6436 1.99332
10.641 1.99306
10.6383 1.9928
10.6356 1.99253
10.633 1.99227
10.6303 1.992
10.6277 1.99174
10.625 1.99147
10.6224 1.9912
10.6198 1.99093
10.6171 1.99066
10.6145 1.99039
10.6119 1.99012
10.6093 1.98985
10.6066 1.98958
10.604 1.9893
10.6014 1.98903
10.5988 1.98875
10.5962 1.98848
10.5936 1.9882
10.5911 1.98792
10.5885 1.98765
10.5859 1.98737
10.5833 1.98709
10.5808 1.98681
10.5782 1.98653
10.5756 1.98624
10.5731 1.98596
10.5705 1.98568
10.568 1.98539
10.5655 1.98511
10.5629 1.98482
10.5604 1.98454
10.5579 1.98425
10.5553 1.98396
10.5528 1.98368
10.5503 1.98339
10.5478 1.9831
10.5453 1.98281
10.5428 1.98252
10.5403 1.98223
10.5378 1.98194
10.5353 1.98164
10.5328 1.98135
10.5304 1.98106
10.5279 1.98076
10.5254 1.98047
10.523 1.98018
10.5205 1.97988
10.518 1.97959
10.5156 1.97929
10.5131 1.97899
10.5107 1.9787
10.5083 1.9784
10.5058 1.9781
10.5034 1.9778
10.501 1.9775
10.4986 1.9772
10.4961 1.9769
10.4937 1.9766
10.4913 1.9763
10.4889 1.976
10.4865 1.9757
10.4841 1.9754
10.4817 1.9751
10.4793 1.97479
10.4769 1.97449
10.4746 1.97419
10.4722 1.97388
10.4698 1.97358
10.4675 1.97327
10.4651 1.97297
10.4627 1.97266
10.4604 1.97236
10.458 1.97205
10.4557 1.97175
10.4533 1.97144
10.451 1.97113
10.4487 1.97083
10.4463 1.97052
10.444 1.97021
10.4417 1.9699
10.4394 1.9696
10.4371 1.96929
10.4348 1.96898
10.4324 1.96867
10.4301 1.96836
10.4279 1.96805
10.4256 1.96774
10.4233 1.96743
10.421 1.96712
10.4187 1.96681
10.4164 1.9665
10.4142 1.96619
10.4119 1.96588
10.4096 1.96556
10.4074 1.96525
10.4051 1.96494
10.4028 1.96463
10.4006 1.96432
10.3983 1.964
10.3961 1.96369
10.3939 1.96338
10.3916 1.96306
10.3894 1.96275
10.3872 1.96244
10.385 1.96212
10.3827 1.96181
10.3805 1.9615
10.3783 1.96118
10.3761 1.96087
10.3739 1.96055
10.3717 1.96024
10.3695 1.95992
10.3673 1.95961
10.3651 1.95929
10.3629 1.95898
10.3608 1.95866
10.3586 1.95835
10.3564 1.95803
10.3542 1.95772
10.3521 1.9574
10.3499 1.95709
10.3477 1.95677
10.3456 1.95645
10.3434 1.95614
10.3413 1.95582
10.3391 1.9555
10.337 1.95519
10.3349 1.95487
10.3327 1.95455
10.3306 1.95424
10.3285 1.95392
10.3264 1.9536
10.3242 1.95329
10.3221 1.95297
10.32 1.95265
10.3179 1.95234
10.3158 1.95202
10.3137 1.9517
10.3116 1.95138
10.3095 1.95107
10.3074 1.95075
10.3053 1.95043
10.3033 1.95012
10.3012 1.9498
10.2991 1.94948
10.297 1.94916
10.295 1.94885
10.2929 1.94853
10.2908 1.94821
10.2888 1.94789
10.2867 1.94758
10.2847 1.94726
10.2826 1.94694
10.2806 1.94662
10.2785 1.9463
10.2765 1.94599
10.2745 1.94567
10.2724 1.94535
10.2704 1.94503
10.2684 1.94472
10.2664 1.9444
10.2643 1.94408
10.2623 1.94376
10.2603 1.94345
10.2583 1.94313
10.2563 1.94281
10.2543 1.94249
10.2523 1.94218
10.2503 1.94186
10.2483 1.94154
10.2463 1.94122
10.2443 1.94091
10.2424 1.94059
10.2404 1.94027
10.2384 1.93995
10.2364 1.93964
10.2345 1.93932
10.2325 1.939
10.2305 1.93868
10.2286 1.93837
10.2266 1.93805
10.2247 1.93773
10.2227 1.93742
10.2208 1.9371
10.2188 1.93678
10.2169 1.93647
10.215 1.93615
10.213 1.93583
10.2111 1.93552
10.2092 1.9352
10.2073 1.93488
10.2053 1.93457
10.2034 1.93425
