231. 0.0149508
234. 0.0405067
237. 0.0713593
240. 0.10546
243. 0.141615
246. 0.179036
249. 0.217173
252. 0.255626
255. 0.294103
258. 0.332382
261. 0.370298
264. 0.407727
267. 0.444575
270. 0.480773
273. 0.51627
276. 0.551033
279. 0.585035
282. 0.618264
285. 0.650712
288. 0.682377
291. 0.713262
294. 0.743375
297. 0.772725
300. 0.801324
303. 0.829186
306. 0.856325
309. 0.882757
312. 0.908499
315. 0.933568
318. 0.957981
321. 0.981754
324. 1.00491
327. 1.02745
330. 1.04941
333. 1.0708
336. 1.09164
339. 1.11194
342. 1.13171
345. 1.15098
348. 1.16976
351. 1.18805
354. 1.20589
357. 1.22328
360. 1.24023
363. 1.25676
366. 1.27287
369. 1.28859
372. 1.30393
375. 1.31889
378. 1.33348
381. 1.34772
384. 1.36162
387. 1.37519
390. 1.38843
393. 1.40136
396. 1.41399
399. 1.42632
402. 1.43836
405. 1.45012
408. 1.46161
411. 1.47284
414. 1.48381
417. 1.49453
420. 1.50501
423. 1.51525
426. 1.52526
429. 1.53506
432. 1.54463
435. 1.55399
438. 1.56315
441. 1.57211
444. 1.58087
447. 1.58944
450. 1.59783
453. 1.60604
456. 1.61407
459. 1.62193
462. 1.62963
465. 1.63716
468. 1.64454
471. 1.65176
474. 1.65884
477. 1.66576
480. 1.67254
483. 1.67919
486. 1.6857
489. 1.69207
492. 1.69832
495. 1.70444
498. 1.71043
501. 1.71631
504. 1.72207
507. 1.72771
510. 1.73324
513. 1.73866
516. 1.74398
519. 1.74919
522. 1.7543
525. 1.75931
528. 1.76422
531. 1.76904
534. 1.77376
537. 1.77839
540. 1.78294
543. 1.78739
546. 1.79177
549. 1.79605
552. 1.80026
555. 1.80439
558. 1.80844
561. 1.81241
564. 1.81631
567. 1.82013
570. 1.82388
573. 1.82757
576. 1.83118
579. 1.83473
582. 1.83821
585. 1.84163
588. 1.84498
591. 1.84828
594. 1.85151
597. 1.85468
600. 1.85779
603. 1.86085
606. 1.86385
609. 1.8668
612. 1.86969
615. 1.87253
618. 1.87532
621. 1.87806
624. 1.88075
627. 1.88339
630. 1.88598
633. 1.88853
636. 1.89103
639. 1.89348
642. 1.8959
645. 1.89826
648. 1.90059
651. 1.90287
654. 1.90511
657. 1.90732
660. 1.90948
663. 1.9116
666. 1.91369
669. 1.91574
672. 1.91775
675. 1.91973
678. 1.92167
681. 1.92358
684. 1.92545
687. 1.92729
690. 1.92909
693. 1.93087
696. 1.93261
699. 1.93432
702. 1.936
705. 1.93765
708. 1.93927
711. 1.94086
714. 1.94243
717. 1.94396
720. 1.94547
723. 1.94695
726. 1.9484
729. 1.94983
732. 1.95123
735. 1.95261
738. 1.95396
741. 1.95529
744. 1.95659
747. 1.95787
750. 1.95913
753. 1.96036
756. 1.96157
759. 1.96276
762. 1.96393
765. 1.96508
768. 1.9662
771. 1.96731
774. 1.96839
777. 1.96945
780. 1.9705
783. 1.97152
786. 1.97253
789. 1.97351
792. 1.97448
795. 1.97543
798. 1.97636
801. 1.97728
804. 1.97817
807. 1.97905
810. 1.97992
813. 1.98076
816. 1.98159
819. 1.98241
822. 1.9832
825. 1.98399
828. 1.98475
831. 1.98551
834. 1.98624
837. 1.98697
840. 1.98767
843. 1.98837
846. 1.98905
849. 1.98971
852. 1.99037
855. 1.99101
858. 1.99163
861. 1.99224
864. 1.99284
867. 1.99343
870. 1.99401
873. 1.99457
876. 1.99512
879. 1.99566
882. 1.99619
885. 1.9967
888. 1.99721
891. 1.9977
894. 1.99818
897. 1.99865
900. 1.99912
903. 1.99957
906. 2.
909. 2.00043
912. 2.00085
915. 2.00126
918. 2.00166
921. 2.00205
924. 2.00243
927. 2.0028
930. 2.00316
933. 2.00352
936. 2.00386
939. 2.00419
942. 2.00452
945. 2.00484
948. 2.00515
951. 2.00545
954. 2.00574
957. 2.00602
960. 2.0063
963. 2.00656
966. 2.00682
969. 2.00708
972. 2.00732
975. 2.00756
978. 2.00779
981. 2.00801
984. 2.00822
987. 2.00843
990. 2.00863
993. 2.00882
996. 2.00901
999. 2.00919
1002. 2.00936
1005. 2.00953
1008. 2.00969
1011. 2.00985
1014. 2.00999
1017. 2.01013
1020. 2.01027
1023. 2.0104
1026. 2.01052
1029. 2.01064
1032. 2.01075
1035. 2.01086
1038. 2.01096
1041. 2.01105
1044. 2.01114
1047. 2.01122
1050. 2.0113
1053. 2.01138
1056. 2.01144
1059. 2.01151
1062. 2.01156
1065. 2.01162
1068. 2.01166
1071. 2.01171
1074. 2.01174
1077. 2.01178
1080. 2.0118
1083. 2.01183
1086. 2.01185
1089. 2.01186
1092. 2.01187
1095. 2.01188
1098. 2.01188
1101. 2.01187
1104. 2.01187
1107. 2.01185
1110. 2.01184
1113. 2.01182
1116. 2.0118
1119. 2.01177
1122. 2.01174
1125. 2.0117
1128. 2.01166
1131. 2.01162
1134. 2.01157
1137. 2.01152
1140. 2.01147
1143. 2.01141
1146. 2.01135
1149. 2.01128
1152. 2.01121
1155. 2.01114
1158. 2.01107
1161. 2.01099
1164. 2.01091
1167. 2.01082
1170. 2.01073
1173. 2.01064
1176. 2.01055
1179. 2.01045
1182. 2.01035
1185. 2.01024
1188. 2.01014
1191. 2.01003
1194. 2.00991
1197. 2.0098
1200. 2.00968
1203. 2.00956
1206. 2.00944
1209. 2.00931
1212. 2.00918
1215. 2.00905
1218. 2.00892
1221. 2.00878
1224. 2.00864
1227. 2.0085
1230. 2.00835
1233. 2.00821
1236. 2.00806
1239. 2.0079
1242. 2.00775
1245. 2.00759
1248. 2.00743
1251. 2.00727
1254. 2.00711
1257. 2.00695
1260. 2.00678
1263. 2.00661
1266. 2.00644
1269. 2.00626
1272. 2.00609
1275. 2.00591
1278. 2.00573
1281. 2.00554
1284. 2.00536
1287. 2.00517
1290. 2.00499
1293. 2.0048
1296. 2.0046
1299. 2.00441
1302. 2.00421
1305. 2.00402
1308. 2.00382
1311. 2.00362
1314. 2.00341
1317. 2.00321
1320. 2.003
1323. 2.00279
1326. 2.00259
1329. 2.00237
1332. 2.00216
1335. 2.00195
1338. 2.00173
1341. 2.00151
1344. 2.00129
1347. 2.00107
1350. 2.00085
1353. 2.00063
1356. 2.0004
1359. 2.00018
1362. 1.99995
1365. 1.99972
1368. 1.99949
1371. 1.99926
1374. 1.99902
1377. 1.99879
1380. 1.99855
1383. 1.99832
1386. 1.99808
1389. 1.99784
1392. 1.9976
1395. 1.99735
1398. 1.99711
1401. 1.99686
1404. 1.99662
1407. 1.99637
1410. 1.99612
1413. 1.99587
1416. 1.99562
1419. 1.99537
1422. 1.99512
1425. 1.99486
1428. 1.99461
1431. 1.99435
1434. 1.9941
1437. 1.99384
1440. 1.99358
1443. 1.99332
1446. 1.99306
1449. 1.9928
1452. 1.99253
1455. 1.99227
1458. 1.992
1461. 1.99174
1464. 1.99147
1467. 1.9912
1470. 1.99093
1473. 1.99066
1476. 1.99039
1479. 1.99012
1482. 1.98985
1485. 1.98958
1488. 1.9893
1491. 1.98903
1494. 1.98875
1497. 1.98848
1500. 1.9882
1503. 1.98792
1506. 1.98765
1509. 1.98737
1512. 1.98709
1515. 1.98681
1518. 1.98653
1521. 1.98624
1524. 1.98596
1527. 1.98568
1530. 1.98539
1533. 1.98511
1536. 1.98482
1539. 1.98454
1542. 1.98425
1545. 1.98396
1548. 1.98368
1551. 1.98339
1554. 1.9831
1557. 1.98281
1560. 1.98252
1563. 1.98223
1566. 1.98194
1569. 1.98164
1572. 1.98135
1575. 1.98106
1578. 1.98076
1581. 1.98047
1584. 1.98018
1587. 1.97988
1590. 1.97959
1593. 1.97929
1596. 1.97899
1599. 1.9787
1602. 1.9784
1605. 1.9781
1608. 1.9778
1611. 1.9775
1614. 1.9772
1617. 1.9769
1620. 1.9766
1623. 1.9763
1626. 1.976
1629. 1.9757
1632. 1.9754
1635. 1.9751
1638. 1.97479
1641. 1.97449
1644. 1.97419
1647. 1.97388
1650. 1.97358
1653. 1.97327
1656. 1.97297
1659. 1.97266
1662. 1.97236
1665. 1.97205
1668. 1.97175
1671. 1.97144
1674. 1.97113
1677. 1.97083
1680. 1.97052
1683. 1.97021
1686. 1.9699
1689. 1.9696
1692. 1.96929
1695. 1.96898
1698. 1.96867
1701. 1.96836
1704. 1.96805
1707. 1.96774
1710. 1.96743
1713. 1.96712
1716. 1.96681
1719. 1.9665
1722. 1.96619
1725. 1.96588
1728. 1.96556
1731. 1.96525
1734. 1.96494
1737. 1.96463
1740. 1.96432
1743. 1.964
1746. 1.96369
1749. 1.96338
1752. 1.96306
1755. 1.96275
1758. 1.96244
1761. 1.96212
1764. 1.96181
1767. 1.9615
1770. 1.96118
1773. 1.96087
1776. 1.96055
1779. 1.96024
1782. 1.95992
1785. 1.95961
1788. 1.95929
1791. 1.95898
1794. 1.95866
1797. 1.95835
1800. 1.95803
1803. 1.95772
1806. 1.9574
1809. 1.95709
1812. 1.95677
1815. 1.95645
1818. 1.95614
1821. 1.95582
1824. 1.9555
1827. 1.95519
1830. 1.95487
1833. 1.95455
1836. 1.95424
1839. 1.95392
1842. 1.9536
1845. 1.95329
1848. 1.95297
1851. 1.95265
1854. 1.95234
1857. 1.95202
1860. 1.9517
1863. 1.95138
1866. 1.95107
1869. 1.95075
1872. 1.95043
1875. 1.95012
1878. 1.9498
1881. 1.94948
1884. 1.94916
1887. 1.94885
1890. 1.94853
1893. 1.94821
1896. 1.94789
1899. 1.94758
1902. 1.94726
1905. 1.94694
1908. 1.94662
1911. 1.9463
1914. 1.94599
1917. 1.94567
1920. 1.94535
1923. 1.94503
1926. 1.94472
1929. 1.9444
1932. 1.94408
1935. 1.94376
1938. 1.94345
1941. 1.94313
1944. 1.94281
1947. 1.94249
1950. 1.94218
1953. 1.94186
1956. 1.94154
1959. 1.94122
1962. 1.94091
1965. 1.94059
1968. 1.94027
1971. 1.93995
1974. 1.93964
1977. 1.93932
1980. 1.939
1983. 1.93868
1986. 1.93837
1989. 1.93805
1992. 1.93773
1995. 1.93742
1998. 1.9371
2001. 1.93678
2004. 1.93647
2007. 1.93615
2010. 1.93583
2013. 1.93552
2016. 1.9352
2019. 1.93488
2022. 1.93457
2025. 1.93425
