           5  0.25900529222271607        5.3879999999999999       0.14650537929013546        8.0378784165754849E-002
          10  0.27471307911279419        7.1070000000000002       0.34418439417334695       0.14315954453439939     
          15  0.29039590813111710        8.1739999999999995       0.53525255626562718       0.19357067534412942     
          20  0.30605628197356627        8.9109999999999996       0.70795705410339405       0.23485289515303451     
          25  0.32169630905169977        9.4499999999999993       0.86096322498812328       0.26931977410653613     
          30  0.33731778556095782        9.8569999999999993       0.99526725488302192       0.29847668159463620     
          35  0.35292225677561617        10.173000000000000        1.1133731859998874       0.32352449039660053     
          40  0.36851106366409980        10.422000000000001        1.2171893054483505       0.34524111265623031     
          45  0.38408537891041006        10.619999999999999        1.3084586154105413       0.36420920918547228     
          50  0.39964623514677799        10.779999999999999        1.3893040527870890       0.38097281798168775     
          55  0.41519454736426564        10.910000000000000        1.4610831420545640       0.39588188351502707     
          60  0.43073113090630150        11.016000000000000        1.5249785677024230       0.40921850213516159     
          65  0.44625671606588907        11.102000000000000        1.5818134940956408       0.42118170821102241     
          70  0.46177196003942783        11.173000000000000        1.6329501967608866       0.43203465970553456     
          75  0.47727745680027606        11.231000000000000        1.6788746443626466       0.44189113741735464     
          80  0.49277374531856483        11.278000000000000        1.7201519653459809       0.45086879065083529     
          85  0.50826131645404782        11.316000000000001        1.7574070777686688       0.45908687941101251     
          90  0.52374061877503808        11.347000000000000        1.7913089236392836       0.46666462734176389     
          95  0.53921206350131334        11.372000000000000        1.8222035530790492       0.47366957159410394     
         100  0.55467602872713961        11.391000000000000        1.8500982411838143       0.48011844072578730     
         105  0.57013286304867761        11.406000000000001        1.8757215179457145       0.48612778240937909     
         110  0.58558288869543140        11.416000000000000        1.8987425754280001       0.49166305699529828     
         115  0.60102640424626319        11.423999999999999        1.9202621433012173       0.49688715994915489     
         120  0.61646368699547260        11.428000000000001        1.9395981472267421       0.50171487513679480     
         125  0.63189499502257129        11.430999999999999        1.9578573697151276       0.50630506728900759     
         130  0.64732056900991930        11.430000000000000        1.9739995410549127       0.51052412015082249     
         135  0.66274063384481297        11.429000000000000        1.9894899272474240       0.51457532913535120     
         140  0.67815540003649433        11.425000000000001        2.0032869261698836       0.51832528667637967     
         145  0.69356506497358505        11.420000000000000        2.0161376952208343       0.52187865476356632     
         150  0.70896981404339265        11.414000000000000        2.0280719512646197       0.52524380526849135     
         155  0.72436982163121144        11.407000000000000        2.0391181164341781       0.52842869168389262     
         160  0.73976525201499044        11.398999999999999        2.0493033656485928       0.53144086732254270     
         165  0.75515626016846626        11.390000000000001        2.0586536743280210       0.53428750310265183     
         170  0.77054299248396585        11.381000000000000        2.0675487880581431       0.53702040977585230     
         175  0.78592558742449070        11.371000000000000        2.0756562358486583       0.53960034362732590     
         180  0.80130417611337013        11.359999999999999        2.0829985653708514       0.54203344930709851     
         185  0.81667888286864065        11.349000000000000        2.0899502762234774       0.54436952707615782     
         190  0.83204982568836361        11.337999999999999        2.0965298228309934       0.54661310601738655     
         195  0.84741711669227648        11.326000000000001        2.1024030904175430       0.54872516471005106     
         200  0.86278086252449582        11.314000000000000        2.1079395300848844       0.55075369863847223     
         205  0.87814116472138615        11.302000000000000        2.1131547154252619       0.55270251507704216     
         210  0.89349812004821816        11.289999999999999        2.1180633640279494       0.55457521335862892     
         215  0.90885182080778837        11.276999999999999        2.1223308806194798       0.55633317885317268     
         220  0.92420235512381121        11.265000000000001        2.1266682195645679       0.55806398199283880     
         225  0.93954980720155579        11.252000000000001        2.1303916055196543       0.55968693257078850     
         230  0.95489425756792823        11.240000000000000        2.1342075291785640       0.56128803574880104     
         235  0.97023578329294291        11.227000000000000        2.1374340354942971       0.56278750480750017     
         240  0.98557445819432232        11.214000000000000        2.1404286792610914       0.56422933012722765     
         245   1.0009103530267689        11.201000000000001        2.1432015044247117       0.56561596171701445     
         250   1.0162435356572896        11.189000000000000        2.1461050838561322       0.56698968502636660     
         255   1.0315740712278141        11.176000000000000        2.1484615829513309       0.56827251018457903     
         260   1.0469020223062098        11.163000000000000        2.1506234135884075       0.56950677302905595     
         265   1.0622274490266950        11.151000000000000        2.1529394520254055       0.57073361049645777     
         270   1.0775504092205441        11.138000000000000        2.1547352222301299       0.57187636218835791     
         275   1.0928709585378953        11.125999999999999        2.1566987870231253       0.57301486309989080     
         280   1.1081891505613883        11.113000000000000        2.1581579865376757       0.57407332583949966     
         285   1.1235050369122932        11.101000000000001        2.1597971438092558       0.57513037941500278     
         290   1.1388186673497311        11.089000000000000        2.1612834153897751       0.57614896493356738     
         295   1.1541300898635256        11.077000000000000        2.1626228563337313       0.57713057326322414     
         300   1.1694393507611780        11.065000000000000        2.1638212363782050       0.57807662551529160     
         305   1.1847464947494182        11.053000000000001        2.1648840555595701       0.57898847684232835     
         310   1.2000515650107357        11.041000000000000        2.1658165588615095       0.57986742000149771     
         315   1.2153546032752651        11.029000000000000        2.1666237499616186       0.58071468869959120     
         320   1.2306556498883678        11.018000000000001        2.1676430542439848       0.58156792898659349     
         325   1.2459547438742180        11.006000000000000        2.1682130333754182       0.58235511017946928     
         330   1.2612519229956793        10.994999999999999        2.1690026678978551       0.58315002833161911     
         335   1.2765472238107360        10.984000000000000        2.1696834875172453       0.58391725376570836     
         340   1.2918406817257142        10.973000000000001        2.1702594881706347       0.58465777968595722     
         345   1.3071323310455136        10.962000000000000        2.1707344913287865       0.58537255623560869     
         350   1.3224222050210594        10.951000000000001        2.1711121528582633       0.58606249267286004     
         355   1.3377103358941493        10.940000000000000        2.1713959713720947       0.58672845942173346     
         360   1.3529967549398787        10.930000000000000        2.1719166358070976       0.58740608135347350     
         365   1.3682814925067943        10.919000000000000        2.1720220403858934       0.58802638089877546     
         370   1.3835645780549310        10.909000000000001        2.1723693264878992       0.58865951570242148     
         375   1.3988460401918554        10.898000000000000        2.1723086398730187       0.58923722358346786     
         380   1.4141259067068586        10.888000000000000        2.1724943832855157       0.58982883303368205     
         385   1.4294042046033941        10.878000000000000        2.1726031932840355       0.59040062369802393     
         390   1.4446809601298876        10.868000000000000        2.1726376846310442       0.59095325207910510     
         395   1.4599561988090040        10.859000000000000        2.1729234695605433       0.59152083481731121     
         400   1.4752299454654749        10.849000000000000        2.1728161731623969       0.59203683003788665     
         405   1.4905022242525627        10.839000000000000        2.1726417952139632       0.59253548249719679     
         410   1.5057730586772522        10.830000000000000        2.1727239564159029       0.59305032035661498     
         415   1.5210424716242372        10.821000000000000        2.1727422844341868       0.59354857669889927     
         420   1.5363104853787695        10.811999999999999        2.1726988489212857       0.59403077597345444     
         425   1.5515771216484480        10.802000000000000        2.1722758674276315       0.59446494952843321     
         430   1.5668424015839901        10.794000000000000        2.1724345709944228       0.59494900170949949     
         435   1.5821063457990570        10.785000000000000        2.1722174835075405       0.59538598030223022     
         440   1.5973689743891795        10.776000000000000        2.1719461489553864       0.59580880774622247     
         445   1.6126303069498316        10.766999999999999        2.1716222724676291       0.59621791669775670     
         450   1.6278903625937038        10.759000000000000        2.1715646884611570       0.59664542117695085     
         455   1.6431491599672134        10.750000000000000        2.1711400918901225       0.59702818112875289     
         460   1.6584067172662975        10.742000000000001        2.1709839123175936       0.59742983323442844     
         465   1.6736630522515237        10.734000000000000        2.1707804409125404       0.59781906017053632     
         470   1.6889181822625519        10.726000000000001        2.1705311080862817       0.59819622835503961     
         475   1.7041721242319900        10.718000000000000        2.1702372929083475       0.59856169113958224     
         480   1.7194248946986608        10.710000000000001        2.1699003252528337       0.59891578935310641     
         485   1.7346765098203238        10.702000000000000        2.1695214878419420       0.59925885181950744     
         490   1.7499269853858685        10.695000000000000        2.1694154470745142       0.59962176416183210     
         495   1.7651763368270130        10.686999999999999        2.1689560933526910       0.59994356542131144     
         500   1.7804245792295283        10.680000000000000        2.1687710116097518       0.60028555881500900     
