           5  0.23800788219292890        5.4619999999999997       0.14375941803760409        7.7803665630814811E-002   9.9999999999999988E-019  -6.1515072885013636E-002
          10  0.24308914155677319        7.3520000000000003       0.35355174886462581       0.14215526197293235        1.4541575366745985E-002 -0.11784320809652489     
          15  0.24816934243676514        8.6020000000000003       0.57095072330700025       0.19620706340382943        2.2267688957546279E-002 -0.16976550842273219     
          20  0.25324852581740426        9.5180000000000007       0.77967819245714032       0.24215036906574289        3.0293695584924989E-002 -0.21784118286306767     
          25  0.25832673008834972        10.225000000000000       0.97422840383701648       0.28165205172347269        3.8621758119905425E-002 -0.26257926666966630     
          30  0.26340399126953595        10.788000000000000        1.1529373523821307       0.31592225472219193        4.7248903351978830E-002 -0.30435660769783296     
          35  0.26848034321172887        11.247000000000000        1.3162044286698911       0.34594105152310378        5.6179773030237544E-002 -0.34355007224952061     
          40  0.27355581777572691        11.627000000000001        1.4647755373430522       0.37240787361755939        6.5410225957559257E-002 -0.38040592627106518     
          45  0.27863044499292355        11.946000000000000        1.5999817459724825       0.39592047879839326        7.4943283679983555E-002 -0.41519055436665764     
          50  0.28370425320955389        12.217000000000001        1.7232358832413879       0.41696116178708237        8.4782811129485686E-002 -0.44814228846863180     
          55  0.28877726921660690        12.448000000000000        1.8352297261473625       0.43581914465946853        9.4916268984782531E-002 -0.47933094975496499     
          60  0.29384951836711254        12.648000000000000        1.9378568753967984       0.45291352490026804       0.10536271683257399      -0.50907255575577870     
          65  0.29892102468227100        12.820000000000000        2.0311057952874281       0.46833861652139497       0.11609633626104637      -0.53728310963137804     
          70  0.30399181094769917        12.971000000000000        2.1170290081960426       0.48246831588953171       0.12714637320318933      -0.56432667736205777     
          75  0.30906189880089563        13.102000000000000        2.1953738075570297       0.49532053336697801       0.13848514250533517      -0.59007588179716708     
          80  0.31413130881088730        13.218000000000000        2.2678445521224875       0.50718100956388878       0.15013902071613133      -0.61484225372221313     
          85  0.31920006055089550        13.319000000000001        2.3340410014697910       0.51802689792175183       0.16207974843466089      -0.63847490689309849     
          90  0.32426817266475616        13.409000000000001        2.3955014457242512       0.52809918235284625       0.17433444484806751      -0.66127028645965602     
          95  0.32933566292773919        13.488000000000000        2.4519928361305010       0.53738691600418675       0.18688248506428290      -0.68312595854669156     
         100  0.33440254830233435        13.558000000000000        2.5042767403484056       0.54601193872439979       0.19973294946023643      -0.70417572212165003     
         105  0.33946884498950436        13.619999999999999        2.5526917065460868       0.55403437125023669       0.21288428673459006      -0.72446094262200345     
         110  0.34453456847584774        13.675000000000001        2.5976123220118423       0.56151640546918880       0.22633728254173985      -0.74403683575775159     
         115  0.34959973357706442        13.724000000000000        2.6394434770080015       0.56852177763745460       0.24009493160689305      -0.76297154531285982     
         120  0.35466435447807249        13.768000000000001        2.6786153405169766       0.57511532849496816       0.25416231173376974      -0.78134522777312887     
         125  0.35972844477008675        13.805999999999999        2.7145786684948128       0.58123266242726368       0.26851382924615935      -0.79899342477011370     
         130  0.36479201748493573        13.840999999999999        2.7487920343816472       0.58706996698466352       0.28318959543077182      -0.81626494458250454     
         135  0.36985508512686510        13.871000000000000        2.7802246635023917       0.59249892741423349       0.29814925753118293      -0.83287526569913573     
         140  0.37491765970204904        13.897000000000000        2.8093536643999384       0.59758653907253700       0.31340212469828038      -0.84892703288986959     
         145  0.37997975274600870        13.920999999999999        2.8371772612446668       0.60246453362070451       0.32897686350813460      -0.86466800695587975     
         150  0.38504137534911659        13.942000000000000        2.8631797566927428       0.60707029832631609       0.34485103856492194      -0.87994886969669150     
         155  0.39010253818034724        13.960000000000001        2.8873528391602674       0.61140627106165379       0.36101948847850590      -0.89475324399248990     
         160  0.39516325150942094        13.975000000000000        2.9096906091451684       0.61547503881422561       0.37747730130536417      -0.90906570989295554     
         165  0.40022352522747018        13.989000000000001        2.9312162892286597       0.61940776268365216       0.39425756467773360      -0.92315686196006252     
         170  0.40528336886634864        14.000999999999999        2.9514189694843362       0.62314233484882575       0.41133837359517522      -0.93687820959710699     
         175  0.41034279161668941        14.010000000000000        2.9697850637890690       0.62661722929623642       0.42869684805455233      -0.95007558104415391     
         180  0.41540180234481139        14.019000000000000        2.9878621737165911       0.63002672624076406       0.44638803783061320      -0.96317746229102652     
         185  0.42046040960856118        14.025000000000000        3.0041085170142741       0.63318146769575545       0.46435050471344180      -0.97573970366251705     
         190  0.42551862167217208        14.031000000000001        3.0200763979151102       0.63627484412849467       0.48264119073658251      -0.98819996560610224     
         195  0.43057644652021410        14.035000000000000        3.0347388454110327       0.63918173369778541       0.50121781410919297       -1.0002575257907171     
         200  0.43563389187070167        14.038000000000000        3.0486179716833703       0.64196775684883300       0.52009838242542417       -1.0120580829951697     
         205  0.44069096518741974        14.039999999999999        3.0617198724014441       0.64463486978697282       0.53928102322293858       -1.0235992431114529     
         210  0.44574767369152657        14.041000000000000        3.0740507643378607       0.64718500200769469       0.55876395413644353       -1.0348788072480597     
         215  0.45080402437248240        14.041000000000000        3.0856169701904110       0.64962005449438209       0.57854547826701697       -1.0458947675202517     
         220  0.45586002399835235        14.041000000000000        3.0969421772724708       0.65200436911051340       0.59864563508519963       -1.0568017639602827     
         225  0.46091567912552711        14.039999999999999        3.1075153975873473       0.65427696431075621       0.61904166733590882       -1.0674436985723503     
         230  0.46597099610790010        14.038000000000000        3.1173430056533742       0.65643964421119805       0.63973209646607132       -1.0778189847623334     
         235  0.47102598110553884        14.035000000000000        3.1264314413699870       0.65849418048078256       0.66071551254962657       -1.0879262110199361     
         240  0.47608064009288398        14.032000000000000        3.1353038027436892       0.66050407559118807       0.68201306931311589       -1.0979244077250010     
         245  0.48113497886650686        14.028000000000000        3.1434494197122427       0.66240891384202072       0.70360138795044480       -1.1076539385037096     
         250  0.48618900305245416        14.023999999999999        3.1513907217576005       0.66427177180687380       0.72550212755958066       -1.1172757481477762     
         255  0.49124271811320724        14.019000000000000        3.1586173958824832       0.66603252147323710       0.74769160055516692       -1.1266285722528246     
         260  0.49629612935427914        14.013999999999999        3.1656510560170550       0.66775381371597087       0.77019194415375003       -1.1358751378032070     
         265  0.50134924193047359        14.007999999999999        3.1719818910063595       0.66937581156886239       0.79297916878703811       -1.1448526659782288     
         270  0.50640206085182560        14.003000000000000        3.1786450317670520       0.67102143199891362       0.81609950256350960       -1.1538905890121409     
         275  0.51145459098924395        13.996000000000000        3.1841018881669205       0.67250957338261141       0.83948156589966350       -1.1624953089063319     
         280  0.51650683707987421        13.990000000000000        3.1899005162912126       0.67402324293749438       0.86319582113320747       -1.1711635075240701     
         285  0.52155880373219754        13.983000000000001        3.1950179016422671       0.67544250472696588       0.88719405233628701       -1.1795645432355200     
         290  0.52661049543088267        13.976000000000001        3.1999724603255579       0.67682874861597542       0.91149967877512528       -1.1878657041865919     
         295  0.53166191654140382        13.968999999999999        3.2047684495792312       0.67818282587085155       0.93611232614023143       -1.1960684954486775     
         300  0.53671307131444068        13.962000000000000        3.2094099923340469       0.67950556102914106       0.96103163748347631       -1.2041743959588200     
         305  0.54176396389006942        13.954000000000001        3.2133901658054915       0.68073830689289583       0.98623248046801371       -1.2120153553295328     
         310  0.54681459830176105        13.946000000000000        3.2172248807862762       0.68194163483940129        1.0117390215394242       -1.2197611919187412     
         315  0.55186497848019300        13.938000000000001        3.2209179059786273       0.68311629350809078        1.0375509639454945       -1.2274133563418110     
         320  0.55691510825688906        13.930000000000000        3.2244728925293247       0.68426300831181786        1.0636680248908701       -1.2349732734047560     
         325  0.56196499136769384        13.922000000000001        3.2278933783336110       0.68538248228397702        1.0900899349058684       -1.2424423425836491     
         330  0.56701463145609277        13.913000000000000        3.2306748639106928       0.68641681868287219        1.1167909077139040       -1.2496498658376896     
         335  0.57206403207638457        13.904999999999999        3.2338371357974633       0.68748400655897057        1.1438216229166671       -1.2569408655693817     
         340  0.57711319669671479        13.896000000000001        3.2363682066177253       0.68846769907725180        1.1711306530498526       -1.2639720944880319     
         345  0.58216212870197837        13.887000000000000        3.2387791401254127       0.68942709344323672        1.1987433155030940       -1.2709169685279802     
         350  0.58721083139659735        13.878000000000000        3.2410729762254067       0.69036278989735689        1.2266594082620903       -1.2777768066042203     
         355  0.59225930800717907        13.869000000000000        3.2432526626502609       0.69127537059224664        1.2548787389403517       -1.2845529037417895     
         360  0.59730756168506471        13.859999999999999        3.2453210582480900       0.69216540023526130        1.2834011243402201       -1.2912465315385051     
         365  0.60235559550876894        13.851000000000001        3.2472809361366473       0.69303342670494106        1.3122263900210129       -1.2978589386190060     
         370  0.60740341248632079        13.842000000000001        3.2491349867287025       0.69387998164239617        1.3413543698724948       -1.3043913510801675     
         375  0.61245101555750669        13.833000000000000        3.2508858206360021       0.69470558101905366        1.3707849057423589       -1.3108449729287379     
         380  0.61749840759602381        13.824000000000000        3.2525359714559787       0.69551072568154892        1.4005178470391948       -1.3172209865101223     
         385  0.62254559141154608        13.815000000000000        3.2540878984477732       0.69629590187506341        1.4305530504069124       -1.3235205529298018     
         390  0.62759256975170730        13.805000000000000        3.2550439092334935       0.69700499268289740        1.4608633381365141       -1.3295681046276213     
         395  0.63263934530400745        13.795999999999999        3.2564071470396891       0.69775179451908875        1.4915025536229567       -1.3357178655045601     
         400  0.63768592069764174        13.787000000000001        3.2576791186412390       0.69848000294751578        1.5224436432764461       -1.3417945493783896     
         405  0.64273229850526203        13.776999999999999        3.2583639579976844       0.69913393606285867        1.5536591183338415       -1.3476216395976348     
         410  0.64777848124466642        13.768000000000001        3.2594605606837685       0.69982640012516495        1.5852035056925258       -1.3535551081484560     
         415  0.65282447138042776        13.759000000000000        3.2604722713446095       0.70050153132604231        1.6170494325096583       -1.3594186916234900     
         420  0.65787027132545817        13.749000000000001        3.2609050722326791       0.70110407748928771        1.6491691143174765       -1.3650350144241830     
         425  0.66291588344251640        13.740000000000000        3.2617536244795677       0.70174587667273924        1.6816177227606719       -1.3707616245339820     
         430  0.66796131004565762        13.730000000000000        3.2620284715451597       0.70231615542773906        1.7143396971080860       -1.3762424902269266     
         435  0.67300655340163096        13.721000000000000        3.2627214427408147       0.70292611973253061        1.7473906255542189       -1.3818361105211903     
         440  0.67805161573122519        13.712000000000000        3.2633390011210786       0.70352062702297191        1.7807426353303142       -1.3873647999874439     
         445  0.68309649921056537        13.702000000000000        3.2633902510238997       0.70404512744821734        1.8143674757929122       -1.3926499391359977     
         450  0.68814120597236295        13.693000000000000        3.2638628229769524       0.70460989516041728        1.8483213245658834       -1.3980513440230764     
         455  0.69318573810712192        13.683000000000000        3.2637737811728496       0.70510561135573557        1.8825476712964582       -1.4032106250590004     
         460  0.69823009766430044        13.673999999999999        3.2641079531846762       0.70564194220494303        1.9171030769890172       -1.4084883877514209     
         465  0.70327428665343350        13.664999999999999        3.2643749535734328       0.70616444865602523        1.9519592063977862       -1.4137057504344401     
         470  0.70831830704521526        13.654999999999999        3.2640870285687806       0.70661926495616678        1.9870873742742889       -1.4186830542916347     
         475  0.71336216077254400        13.646000000000001        3.2642248553955500       0.70711516117641793        2.0225446856207205       -1.4237819939797345     
         480  0.71840584973153165        13.637000000000000        3.2642999406940456       0.70759811154851870        2.0583025449477770       -1.4288230643029489     
         485  0.72344937578247814        13.628000000000000        3.2643136838245255       0.70806839396181265        2.0943608989358626       -1.4338070773610330     
         490  0.72849274075081338        13.618000000000000        3.2637808300753663       0.70847267713798190        2.1306907397078008       -1.4385536653727842     
         495  0.73353594642800712        13.609000000000000        3.2636765938077787       0.70891856764202577        2.1673498551884389       -1.4434257941760400     
         500  0.73857899457244947        13.600000000000000        3.2635149955421703       0.70935258017995007        2.2043093216349807       -1.4482432250482424     
