           5  0.22591778025387071        5.8390000000000004       0.16666972563159613        8.4378867819219133E-002
          10  0.23082729125051718        7.8380000000000001       0.40661297201705415       0.15335269727676873     
          15  0.23573811210635764        9.1500000000000004       0.65231856821558243       0.21074345481288281     
          20  0.24065018850644151        10.103999999999999       0.88557062162362865       0.25908681465915162     
          25  0.24556346976369622        10.836000000000000        1.1010523543027282       0.30036852512416362     
          30  0.25047790848975460        11.416000000000000        1.2975234297609857       0.33598253088916480     
          35  0.25539346030312132        11.885999999999999        1.4756065265628224       0.36698667028514176     
          40  0.26031008356963892        12.273999999999999        1.6369215611941188       0.39423683428441458     
          45  0.26522773917099435        12.597000000000000        1.7824090063060887       0.41826900875734468     
          50  0.27014639029765819        12.869999999999999        1.9142584537333116       0.43968077378552439     
          55  0.27506600226318029        13.103000000000000        2.0340399211030866       0.45888533616536720     
          60  0.27998654233721565        13.302000000000000        2.1424864894826179       0.47612018864812278     
          65  0.28490797959502495        13.474000000000000        2.2413359121549306       0.49172903788951949     
          70  0.28983028478150918        13.622999999999999        2.3314305032348890       0.50590056704470920     
          75  0.29475343018810213        13.752000000000001        2.4134256530276974       0.51878034011589946     
          80  0.29967738954106593        13.866000000000000        2.4891351693570534       0.53065557808720254     
          85  0.30460213789992913        13.965000000000000        2.5581659844181233       0.54150594431713595     
          90  0.30952765156496320        14.052000000000000        2.6216525558123642       0.55150879440101297     
          95  0.31445390799273698        14.129000000000000        2.6803465531928077       0.56078317200293215     
         100  0.31938088571890327        14.196999999999999        2.7345703025358743       0.56938754011895010     
         105  0.32430856428747729        14.256000000000000        2.7841821995354157       0.57731841999801159     
         110  0.32923692418595135        14.308999999999999        2.8305904383932243       0.58476746314719752     
         115  0.33416594678567052        14.355000000000000        2.8732097451093903       0.59167004509050791     
         120  0.33909561428695634        14.396000000000001        2.9130014425426918       0.59815578905698719     
         125  0.34402590966852592        14.432000000000000        2.9499222778174796       0.60422612925438646     
         130  0.34895681664080314        14.464000000000000        2.9844569266019731       0.60994735268977651     
         135  0.35388831960276251        14.492000000000001        3.0165818506844637       0.61532170813290610     
         140  0.35882040360198425        14.516000000000000        3.0462780813990098       0.62035178282388936     
         145  0.36375305429763499        14.537000000000001        3.0740570548599844       0.62510443753492662     
         150  0.36868625792611565        14.555999999999999        3.1004394158452584       0.62964629336320221     
         155  0.37362000126914613        14.571000000000000        3.1243669702316166       0.63385238429259660     
         160  0.37855427162407890        14.585000000000001        3.1474229119228849       0.63791691356615987     
         165  0.38348905677625506        14.596000000000000        3.1685512606788064       0.64171520744800647     
         170  0.38842434497323242        14.606000000000000        3.1888151539204364       0.64537702013729659     
         175  0.39336012490073557        14.614000000000001        3.2076889472388976       0.64884146056584258     
         180  0.39829638566018699        14.619999999999999        3.2251774764890704       0.65211125231275158     
         185  0.40323311674769596        14.625000000000000        3.2418189093415246       0.65525195435430750     
         190  0.40817030803439053        14.629000000000000        3.2576203961508470       0.65826578799313795     
         195  0.41310794974799009        14.631000000000000        3.2720562200455996       0.66109244690528979     
         200  0.41804603245552296        14.632999999999999        3.2861995920140648       0.66385925367067422     
         205  0.42298454704710536        14.632999999999999        3.2989920508858952       0.66644351307472982     
         210  0.42792348472070096        14.632999999999999        3.3115073767194390       0.66897178764681986     
         215  0.43286283696779154        14.632000000000000        3.3232200632744147       0.67138379910770329     
         220  0.43780259555989215        14.630000000000001        3.3341377163436237       0.67368155501301963     
         225  0.44274275253585088        14.627000000000001        3.3442679709570537       0.67586702278299526     
         230  0.44768330018987862        14.622999999999999        3.3536184809104439       0.67794212890359984     
         235  0.45262423106025784        14.619000000000000        3.3627289819744490       0.67996983893495577     
         240  0.45756553791868437        14.615000000000000        3.3716061036629128       0.68195145486728326     
         245  0.46250721376019860        14.609999999999999        3.3797248173951950       0.68382751810961673     
         250  0.46744925179366831        14.605000000000000        3.3876234818438520       0.68566032756532447     
         255  0.47239164543278428        14.599000000000000        3.3947775095772417       0.68739070666645274     
         260  0.47733438828753849        14.593000000000000        3.4017242239652234       0.68908051362694422     
         265  0.48227747415615041        14.586000000000000        3.4079396213661015       0.69067085672767026     
         270  0.48722089701741594        14.579000000000001        3.4139598684819434       0.69222315784503463     
         275  0.49216465102344964        14.571999999999999        3.4197903190120145       0.69373844820707109     
         280  0.49710873049279830        14.565000000000000        3.4254361497641148       0.69521772512282565     
         285  0.50205312990390094        14.557000000000000        3.4303747832915006       0.69660267483124416     
         290  0.50699784388887492        14.548999999999999        3.4351397642115455       0.69795386476676358     
         295  0.51194286722760984        14.541000000000000        3.4397358015517114       0.69927219651825701     
         300  0.51688819484214776        14.532999999999999        3.4441674505838158       0.70055854238523030     
         305  0.52183382179133642        14.523999999999999        3.4479139128960297       0.70175517213330563     
         310  0.52677974326573651        14.516000000000000        3.4520304672485200       0.70298022619672551     
         315  0.53172595458277150        14.507000000000000        3.4554714758396328       0.70411751864221694     
         320  0.53667245118210194        14.497999999999999        3.4587661549679898       0.70522638719457853     
         325  0.54161922862121603        14.489000000000001        3.4619183865453840       0.70630757088185137     
         330  0.54656628257122153        14.480000000000000        3.4649319287028728       0.70736178529974747     
         335  0.55151360881282874        14.471000000000000        3.4678104204096196       0.70838972348230012     
         340  0.55646120323251302        14.462000000000000        3.4705573858960941       0.70939205673577621     
         345  0.56140906181885042        14.452000000000000        3.4726562291245471       0.71031222408727823     
         350  0.56635718065901175        14.443000000000000        3.4751509404636378       0.71126544459814767     
         355  0.57130555593541199        14.433000000000000        3.4770054038123508       0.71213806894440479     
         360  0.57625418392250327        14.423999999999999        3.4792606909532742       0.71304461640388928     
         365  0.58120306098370544        14.414000000000000        3.4808832140393422       0.71387205820322930     
         370  0.58615218356846688        14.404999999999999        3.4829111271196944       0.71473422492886840     
         375  0.59110154820944882        14.395000000000000        3.4843133959042274       0.71551870245207283     
         380  0.59605115151982691        14.385999999999999        3.4861252605935253       0.71633864380015322     
         385  0.60100099019070330        14.375999999999999        3.4873182606770072       0.71708224314348801     
         390  0.60595106098862617        14.366000000000000        3.4884108915839680       0.71780622486002210     
         395  0.61090136075320778        14.356999999999999        3.4899187947166466       0.71856667138622343     
         400  0.61585188639483956        14.347000000000000        3.4908174281577660       0.71925267504993851     
         405  0.62080263489249810        14.337000000000000        3.4916229885199037       0.71992044540621980     
         410  0.62575360329163654        14.327000000000000        3.4923377653978287       0.72057041668516686     
         415  0.63070478870215962        14.318000000000000        3.4934743440206777       0.72125800890493952     
         420  0.63565618829647674        14.308000000000000        3.4940134577514139       0.72187348561102249     
         425  0.64060779930762990        14.298000000000000        3.4944682642615512       0.72247239294145782     
         430  0.64555961902749304        14.289000000000000        3.4953490967197869       0.72310967045181207     
         435  0.65051164480503954        14.279000000000000        3.4956406391843315       0.72367644110069484     
         440  0.65546387404467443        14.270000000000000        3.4963607442168652       0.72428203132171476     
         445  0.66041630420462927        14.260000000000000        3.4964967098478725       0.72481812844064164     
         450  0.66536893279541498        14.250000000000000        3.4965579806270970       0.72533948298822770     
         455  0.67032175737833244        14.241000000000000        3.4970512102933453       0.72590026377837935     
         460  0.67527477556403726        14.231000000000000        3.4969676399298177       0.72639298827949794     
         465  0.68022798501115456        14.222000000000000        3.4973180616500779       0.72692550197526740     
         470  0.68518138342494528        14.212000000000000        3.4970963191373658       0.72739086698522293     
         475  0.69013496855601830        14.202999999999999        3.4973104247582540       0.72789635385955465     
         480  0.69508873819908901        14.194000000000001        3.4974583700804178       0.72838870306717418     
         485  0.70004269019177934        14.183999999999999        3.4970407489113855       0.72881519542006645     
         490  0.70499682241346251        14.175000000000001        3.4970614692169626       0.72928225626917331     
         495  0.70995113278414324        14.166000000000000        3.4970203944260598       0.72973701556212156     
         500  0.71490561926338048        14.156000000000001        3.4964199711630601       0.73012713098727344     
