           5  0.29760780518016805        4.4680000000000000        9.6220318570690841E-002   6.3660357703414258E-002   9.9999999999999988E-019  -5.0046311137410905E-002
          10  0.31452049539938648        5.9400000000000004       0.23112091365747933       0.11501864559596518        1.0926719447569844E-002  -9.4208430698664289E-002
          15  0.33136503053233174        6.8750000000000000       0.36584146659906230       0.15730251830935607        1.7015820721511938E-002 -0.13359399586910181     
          20  0.34814824598083333        7.5369999999999999       0.49152849206030569       0.19278162228567972        2.3526768037412583E-002 -0.16911004017489950     
          25  0.36487590407281584        8.0299999999999994       0.60553336416666126       0.22291432621157697        3.0451214728080836E-002 -0.20132335775156660     
          30  0.38155291622929566        8.4100000000000001       0.70796469456179767       0.24884622288665467        3.7791940209713694E-002 -0.23076800268299602     
          35  0.39818350924983781        8.7100000000000009       0.79971595199969203       0.27141450434069914        4.5550505105930318E-002 -0.25786036519263589     
          40  0.41477135199656529        8.9510000000000005       0.88188044971083623       0.29124173280962573        5.3727223501706722E-002 -0.28292662601335455     
          45  0.43131965343084278        9.1470000000000002       0.95550419157699384       0.30879436461309301        6.2320761655100837E-002 -0.30621882246913590     
          50  0.44783123954568532        9.3070000000000004        1.0213243279640021       0.32439145941615849        7.1323462809572871E-002 -0.32788812675484102     
          55  0.46430861449591299        9.4399999999999995        1.0807077126187419       0.33841663681985668        8.0747065175952107E-002 -0.34822211504862349     
          60  0.48075400972197879        9.5500000000000007        1.1340550473183848       0.35103159937190515        9.0580548061758984E-002 -0.36727872458408684     
          65  0.49716942383044316        9.6419999999999995        1.1823004665288748       0.36247343410022226       0.10083005489751966      -0.38524324341363653     
          70  0.51355665527252392        9.7189999999999994        1.2259860160584481       0.37288883757793773       0.11149362067307872      -0.40221160047633037     
          75  0.52991732934969227        9.7829999999999995        1.2654728594009956       0.38238093456545008       0.12256618901181993      -0.41823956137978729     
          80  0.54625292070579212        9.8369999999999997        1.3015079817179918       0.39111062387486145       0.13405608576741448      -0.43348135150592354     
          85  0.56256477219502343        9.8819999999999997        1.3342944060526583       0.39913725322526933       0.14595745056260340      -0.44796272544624943     
          90  0.57885411081513327        9.9199999999999999        1.3643815712941016       0.40657401747613015       0.15827646609360957      -0.46179881610524359     
          95  0.59512206124532385        9.9510000000000005        1.3917287392638977       0.41343126649779177       0.17100233438936496      -0.47496071400546275     
         100  0.61136965741493121        9.9770000000000003        1.4169377067097346       0.41982300605011313       0.18414563039049922      -0.48758388199899477     
         105  0.62759785244214528        9.9979999999999993        1.4400004116734442       0.42576007370849933       0.19769856847464587      -0.49965248311787491     
         110  0.64380752721503776        10.015000000000001        1.4612324859385799       0.43130432559869070       0.21166468050426104      -0.51123515407604081     
         115  0.65999949783499023        10.028000000000000        1.4806407759726263       0.43646641222908666       0.22603797765607103      -0.52232286084424817     
         120  0.67617452210163675        10.038000000000000        1.4985543090512952       0.44130692659183174       0.24082406026120906      -0.53299196841241880     
         125  0.69233330518603153        10.045999999999999        1.5153070762324570       0.44588506523729443       0.25602974129918971      -0.54332316389492952     
         130  0.70847650461292089        10.051000000000000        1.5305973196132230       0.45016022998464411       0.27163989079717910      -0.55323001127663141     
         135  0.72460473465228004        10.054000000000000        1.5447620729751732       0.45419062511140690       0.28766232690375215      -0.56279607516500929     
         140  0.74071857020355558        10.055000000000000        1.5578201552295228       0.45798440729687828       0.30409397954758077      -0.57202141338348056     
         145  0.75681855024246469        10.055000000000000        1.5701101643751592       0.46159755386924894       0.32094406611192805      -0.58099372765590840     
         150  0.77290518088911564        10.053000000000001        1.5813313952593253       0.46498897883628865       0.33819821861339272      -0.58962764212602614     
         155  0.78897893814710074        10.050000000000001        1.5918219682718604       0.46821344525962583       0.35586636154135098      -0.59801245031897143     
         160  0.80504027035569892        10.045999999999999        1.6015998681967079       0.47127705856854296       0.37394667162705486      -0.60615084435092026     
         165  0.82108960039108936        10.039999999999999        1.6103638931896109       0.47413908820323492       0.39242475021556578      -0.61395636955981869     
         170  0.83712732764728559        10.034000000000001        1.6187686942745221       0.47689871117476157       0.41132428490596079      -0.62160982405183096     
         175  0.85315382982315635        10.026999999999999        1.6265116958776833       0.47951436734732444       0.43063125654086110      -0.62902527414617149     
         180  0.86916946453824295        10.020000000000000        1.6339261519999704       0.48203675147438246       0.45035743918899457      -0.63629594956987057     
         185  0.88517457079701334        10.012000000000000        1.6407090660756660       0.48442459573508029       0.47048869067765059      -0.64333502427468436     
         190  0.90116947031857297        10.003000000000000        1.6468752234823849       0.48668266282672107       0.49102381094406006      -0.65014530334186671     
         195  0.91715446874664963        9.9939999999999998        1.6527546315164832       0.48885998072444342       0.51197521339060637      -0.65682093180182566     
         200  0.93312985675276972        9.9840000000000000        1.6580442058787739       0.49091576781781815       0.53332856200565060      -0.66327393082077613     
         205  0.94909591104393221        9.9740000000000002        1.6630717004095703       0.49289800248528376       0.55509664759521693      -0.66959891805938665     
         210  0.96505289528469862        9.9640000000000004        1.6678480086945040       0.49480969513263806       0.57727889566778423      -0.67579935216585119     
         215  0.98100106094241746        9.9529999999999994        1.6720703524068539       0.49661060654989353       0.59986075062547928      -0.68178620638030618     
         220  0.99694064806327887        9.9420000000000002        1.6760630762020927       0.49834722973084900       0.62285550680410717      -0.68765464713893021     
         225   1.0128718859859924        9.9309999999999992        1.6798355818283119       0.50002214958746616       0.64626270703476796      -0.69340784271459510     
         230   1.0287949939991117        9.9199999999999999        1.6833968138920317       0.50163782627277087       0.67008192334900940      -0.69904885526085769     
         235   1.0447101819473541        9.9079999999999995        1.6864449743808798       0.50315480698859094       0.69429829906340546      -0.70448748037551856     
         240   1.0606176507916663        9.8960000000000008        1.6892999378967748       0.50461775605479064       0.71892571132046601      -0.70981940993065695     
         245   1.0765175931272835        9.8849999999999998        1.6922782860473438       0.50606995795927179       0.74397848173460102      -0.71514093791617972     
         250   1.0924101936635688        9.8729999999999993        1.6947689675126794       0.50743078857895707       0.76942706225408297      -0.72026793701458436     
         255   1.1082956296690238        9.8610000000000007        1.6970885896935228       0.50874365204120076       0.79528571366923895      -0.72529636100007666     
         260   1.1241740713845103        9.8490000000000002        1.6992438534341847       0.51001038420554956       0.82155415395063469      -0.73022874360545453     
         265   1.1400456824074221        9.8369999999999997        1.7012411500190450       0.51123273686515691       0.84823211827645228      -0.73506753563243099     
         270   1.1559106200492570        9.8249999999999993        1.7030865778920479       0.51241238226384067       0.87531935782204584      -0.73981510810288686     
         275   1.1717690356688124        9.8119999999999994        1.7044816129271816       0.51351156583099444       0.90280042085934809      -0.74437952227456572     
         280   1.1876210749830036        9.8000000000000007        1.7060412587072875       0.51461080753399435       0.93070543872948219      -0.74895137066502060     
         285   1.2034668783571163        9.7880000000000003        1.7074657258698875       0.51567191924814337       0.95901907272583187      -0.75343867070519033     
         290   1.2193065810761294        9.7759999999999998        1.7087600885433238       0.51669629487936841       0.98774112769073175      -0.75784350283386293     
         295   1.2351403135986005        9.7639999999999993        1.7099291974890329       0.51768526756118316        1.0168714197160289      -0.76216788160666749     
         300   1.2509682017944626        9.7509999999999994        1.7106771131886767       0.51860217899386907        1.0463941462278168      -0.76631911863740176     
         305   1.2667903671679586        9.7390000000000008        1.7116101779581667       0.51952439232032932        1.0763403261501434      -0.77048832140828727     
         310   1.2826069270668392        9.7270000000000003        1.7124313102192423       0.52041486433189543        1.1066942529544463      -0.77458274851253639     
         315   1.2984179948788404        9.7149999999999999        1.7131445752452330       0.52127471438682982        1.1374557805396237      -0.77860417404911497     
         320   1.3142236802163749        9.7029999999999994        1.7137538660587961       0.52210501490361283        1.1686247707697188      -0.78255431747298454     
         325   1.3300240890902912        9.6910000000000007        1.7142629119490818       0.52290679366833981        1.2002010929038571      -0.78643484557157262     
         330   1.3458193240734804        9.6790000000000003        1.7146752865064081       0.52368103601192584        1.2321846231340148      -0.79024737436073389     
         335   1.3616094844550464        9.6669999999999998        1.7149944152053043       0.52442868686542043        1.2645752441277147      -0.79399347090422701     
         340   1.3773946663856973        9.6549999999999994        1.7152235825647739       0.52515065270120809        1.2973728445665387      -0.79767465505997803     
         345   1.3931749630149606        9.6440000000000001        1.7156598963938807       0.52588338119375166        1.3305935886649545      -0.80138742257611384     
         350   1.4089504646207782        9.6319999999999997        1.7157177471576832       0.52655630600385672        1.3642049030551011      -0.80494318356938133     
         355   1.4247212587319908        9.6199999999999992        1.7156947145835553       0.52720605544829346        1.3982228947727002      -0.80843832181900466     
         360   1.4404874302441870        9.6080000000000005        1.7155935835316170       0.52783339950439467        1.4326474730107948      -0.81187418466511052     
         365   1.4562490615293422        9.5969999999999995        1.7157081468417528       0.52847368554498630        1.4674950751397595      -0.81534716605361868     
         370   1.4720062325396628        9.5850000000000009        1.7154580369410963       0.52905817595729276        1.5027326356271964      -0.81866837467275766     
         375   1.4877590209059921        9.5739999999999998        1.7154272722153203       0.52965653579631322        1.5383931775526249      -0.82202921418062924     
         380   1.5035075020311337        9.5630000000000006        1.7153271202690283       0.53023482349150552        1.5744601007351142      -0.82533578894832660     
         385   1.5192517491784003        9.5510000000000002        1.7148715174225622       0.53076000637262066        1.6109165818904134      -0.82849416301155165     
         390   1.5349918335556882        9.5399999999999991        1.7146400656819794       0.53130027590784668        1.6477959992454490      -0.83169565201650264     
         395   1.5507278243953533        9.5289999999999999        1.7143458481289329       0.53182232165051269        1.6850815893779010      -0.83484625203214635     
         400   1.5664597890301326        9.5180000000000007        1.7139909088978560       0.53232671527844388        1.7227732887045790      -0.83794702527224296     
         405   1.5821877929653605        9.5069999999999997        1.7135772158215872       0.53281400739032270        1.7608710363256161      -0.84099900454916965     
         410   1.5979118999476865        9.4960000000000004        1.7131066637453787       0.53328472841524011        1.7993747738949166      -0.84400319424230263     
         415   1.6136321720305089        9.4849999999999994        1.7125810776762296       0.53373938947725463        1.8382844454296567      -0.84696057123006707     
         420   1.6293486696363080        9.4740000000000002        1.7120022157766754       0.53417848321744099        1.8775999971727426      -0.84987208578739504     
         425   1.6450614516160602        9.4629999999999992        1.7113717722114112       0.53460248457569981        1.9173213774958815      -0.85273866244957774     
         430   1.6607705753058961        9.4529999999999994        1.7109738181535328       0.53504357658925250        1.9574657591861386      -0.85565617980305098     
         435   1.6764760965811596        9.4420000000000002        1.7102444185249785       0.53543854792323931        1.9979987015334251      -0.85843553620396318     
         440   1.6921780699080085        9.4320000000000004        1.7097493463634563       0.53585107072215377        2.0389546447699001      -0.86126751150667658     
         445   1.7078765483926972        9.4209999999999994        1.7089270848557834       0.53621872756236699        2.0802989648339798      -0.86396305348176849     
         450   1.7235715838286636        9.4109999999999996        1.7083407929250405       0.53660434698181791        2.1220662920636730      -0.86671279878359908     
         455   1.7392632267415378        9.4009999999999998        1.7077106691090269       0.53697700416832961        2.1642392693090322      -0.86942260134153870     
         460   1.7549515264321880        9.3900000000000006        1.7067593221773558       0.53730655626255874        2.2068003646261567      -0.87199841204929096     
         465   1.7706365310179060        9.3800000000000008        1.7060460810314779       0.53765460223722028        2.2497844824995874      -0.87463063542034158     
         470   1.7863182874718226        9.3699999999999992        1.7052928580477975       0.53799077751906543        2.2931741349988344      -0.87722515090613862     
         475   1.8019968416606578        9.3599999999999994        1.7045008516200466       0.53831542253768472        2.3369692862278852      -0.87978266560780449     
         480   1.8176722383808797        9.3499999999999996        1.7036712196802482       0.53862886638676888        2.3811699013884446      -0.88230386879216427     
         485   1.8333445213933584        9.3399999999999999        1.7028050812835489       0.53893142726501786        2.4257759467716173      -0.88478943243183028     
         490   1.8490137334565913        9.3309999999999995        1.7021787004805229       0.53925280270313591        2.4708051329472047      -0.88733461604687669     
         495   1.8646799163585699        9.3209999999999997        1.7012421853837936       0.53953433034635734        2.5162219841857660      -0.88975081372135412     
         500   1.8803431109473530        9.3109999999999999        1.7002723073009043       0.53980587056218665        2.5620441706311015      -0.89213328888933108     
