           5  0.35702187033351662        3.8610000000000002        7.5283423482708819E-002   5.7638810171367121E-002   9.9999999999999988E-019  -4.5023619209104686E-002
          10  0.37139800390320266        5.1970000000000001       0.18649800576585612       0.10608083363369311        1.5520369439811294E-002  -8.5944769171837271E-002
          15  0.38578996100340812        6.0789999999999997       0.30300535853928623       0.14734439303241001        2.3889152180004515E-002 -0.12338553584073650     
          20  0.40019661122585254        6.7240000000000002       0.41602183085762490       0.18289585568894309        3.2663713456880572E-002 -0.15783581769142097     
          25  0.41461695196915577        7.2199999999999998       0.52225630504641374       0.21382670456233760        4.1843262556284046E-002 -0.18968873946304718     
          30  0.42905008913801668        7.6139999999999999       0.62075163310160641       0.24100188912803139        5.1433016759912548E-002 -0.21930159416564976     
          35  0.44349522142861070        7.9329999999999998       0.71120442985046273       0.26501621517335261        6.1424267979278621E-002 -0.24689310653096394     
          40  0.45795162741900858        8.1959999999999997       0.79412443886142570       0.28641915575979610        7.1824418862625250E-002 -0.27273367025068712     
          45  0.47241865487670281        8.4149999999999991       0.86989183281115734       0.30558116454869183        8.2627070654040666E-002 -0.29697779786497441     
          50  0.48689571183549241        8.5999999999999996       0.93935846305682269       0.32288535682333686        9.3843880893294568E-002 -0.31985539119861850     
          55  0.50138225909696765        8.7569999999999997        1.0029293903244330       0.33855595495070206       0.10546682019758723      -0.34146037251801942     
          60  0.51587780388844595        8.8900000000000006        1.0608306478047842       0.35274408967486248       0.11748042411700688      -0.36182844644805529     
          65  0.53038189446683659        9.0050000000000008        1.1141965041886956       0.36575773804770662       0.12991303815302105      -0.38122301600355807     
          70  0.54489411550171962        9.1039999999999992        1.1631661055205256       0.37768082660111901       0.14274945594447050      -0.39965172640265340     
          75  0.55941408410453630        9.1899999999999995        1.2083291814282260       0.38867374156588064       0.15599769789984091      -0.41723922518976292     
          80  0.57394144639683553        9.2639999999999993        1.2497376335492176       0.39878218643069985       0.16964177437015701      -0.43397116347143844     
          85  0.58847587453084826        9.3290000000000006        1.2881775607869248       0.40818410151175993       0.18370379688904140      -0.45002947392524956     
          90  0.60301706409167199        9.3849999999999998        1.3235003271226318       0.41687439845487834       0.19816114700772011      -0.46535076325062735     
          95  0.61756473182304594        9.4339999999999993        1.3562681444858653       0.42497671774550072       0.21302859664267876      -0.48006395946044822     
         100  0.63211861362882849        9.4770000000000003        1.3867431926468627       0.43255427700786903       0.22830750098035288      -0.49422109751257087     
         105  0.64667846281044217        9.5139999999999993        1.4148638874246571       0.43960939310687858       0.24398313332290716      -0.50778726581365952     
         110  0.66124404850713925        9.5470000000000006        1.4412834688288341       0.44627024511555413       0.26008041410795096      -0.52092717675651823     
         115  0.67581515431130390        9.5749999999999993        1.4656203687997240       0.45247871871536749       0.27656910160035236      -0.53352032338576583     
         120  0.69039157703539045        9.5990000000000002        1.4882029390072367       0.45830185466463347       0.29345836292437788      -0.54564478364251667     
         125  0.70497312561070558        9.6199999999999992        1.5093725201495194       0.46380648362796156       0.31075962622137848      -0.55738576712555510     
         130  0.71955962010122188        9.6379999999999999        1.5291219150871915       0.46899762037158843       0.32846542337454193      -0.56873126867620361     
         135  0.73415089081808360        9.6530000000000005        1.5474469042967505       0.47388056641655613       0.34656873598271287      -0.57967037709964320     
         140  0.74874677752253105        9.6660000000000004        1.5647066057625891       0.47852163041895773       0.36508469543207367      -0.59029897370631190     
         145  0.76334712870669730        9.6769999999999996        1.5809042821558639       0.48292566145229876       0.38400815436423430      -0.60061121873495182     
         150  0.77795180094318439        9.6859999999999999        1.5960444259240689       0.48709756621551636       0.40333427335021532      -0.61060187617751271     
         155  0.79256065829555722        9.6940000000000008        1.6104953338449735       0.49110222756300592       0.42308125181619499      -0.62037494921145842     
         160  0.80717357178292837        9.6999999999999993        1.6239017011487216       0.49488404342507286       0.44322270252398244      -0.62981938918396940     
         165  0.82179041889269477        9.7040000000000006        1.6362705691174186       0.49844791040846792       0.46375457194280750      -0.63893143099520477     
         170  0.83641108313624468        9.7070000000000007        1.6479734627013416       0.50185774737353128       0.48469672780033229      -0.64781896186524135     
         175  0.85103545364309297        9.7100000000000009        1.6593831501172716       0.50517621477681907       0.50607044571967519      -0.65659333479030679     
         180  0.86566342478946656        9.7110000000000003        1.6697808500234390       0.50828930349428869       0.52782549896494158      -0.66503099690898282     
         185  0.88029489585783227        9.7110000000000003        1.6795392643418998       0.51125981164035439       0.54998317445324219      -0.67324290686794108     
         190  0.89492977072427882        9.7100000000000009        1.6886673576887283       0.51409138613591221       0.57254121124660884      -0.68122900323290403     
         195  0.90956795757101905        9.7089999999999996        1.6975379119462228       0.51684513163625811       0.59552257240029716      -0.68910401022010259     
         200  0.92420936862159098        9.7070000000000007        1.7057956657972468       0.51946635652329209       0.61890067631964718      -0.69675471015092605     
         205  0.93885391989660749        9.7040000000000006        1.7134493016301255       0.52195843408040732       0.64267360910164884      -0.70418136555160715     
         210  0.95350153098813906        9.7010000000000005        1.7208706852039599       0.52438128138999029       0.66686541720185666      -0.71150071729472719     
         215  0.96815212485102520        9.6969999999999992        1.7277045308443477       0.52668084675834848       0.69144902302365940      -0.71859793723439880     
         220  0.98280562760958601        9.6929999999999996        1.7343218140518724       0.52891626498229527       0.71644912809854788      -0.72559092355117516     
         225  0.99746196837837142        9.6890000000000001        1.7407297183471979       0.53108964827775751       0.74186487969997084      -0.73248171709799592     
         230   1.0121210790957200        9.6839999999999993        1.7465731813001493       0.53314759571580317       0.76766869583081521      -0.73915398681496147     
         235   1.0267828943690291        9.6780000000000008        1.7518600153606017       0.53509295256324552       0.79385916490373709      -0.74560836848838974     
         240   1.0414473513307461        9.6730000000000000        1.7573201776208318       0.53703817265176268       0.82048938841819063      -0.75208394423929570     
         245   1.0561143895041825        9.6669999999999998        1.7622372017233690       0.53887507355791942       0.84750450197695837      -0.75834472095579841     
         250   1.0707839506783543        9.6609999999999996        1.7669786361936277       0.54066052913632934       0.87493091027441017      -0.76451139995397133     
         255   1.0854559787911060        9.6539999999999999        1.7711904783913934       0.54234223051697095       0.90274021595835596      -0.77046552319419714     
         260   1.1001304198198691        9.6479999999999997        1.7755982708798608       0.54403002265663181       0.93098736200935051      -0.77644927747193648     
         265   1.1148072216794498        9.6410000000000000        1.7794883332034688       0.54561777560153968       0.95961599096884886      -0.78222344618016892     
         270   1.1294863341262997        9.6340000000000003        1.7832255779174317       0.54716094563444795       0.98865347900556577      -0.78791018171803007     
         275   1.1441677086687789        9.6270000000000007        1.7868149573456713       0.54866095616865118        1.0180993949564274      -0.79351124581362831     
         280   1.1588512984829573        9.6199999999999992        1.7902612348617766       0.55011917669896315        1.0479533318151821      -0.79902835847136966     
         285   1.1735370583335414        9.6120000000000001        1.7932123495290582       0.55148462298523826        1.0781859523318176      -0.80434093014957919     
         290   1.1882249444995516        9.6050000000000004        1.7963865420116156       0.55286344062227866        1.1088546321337214      -0.80969486152023928     
         295   1.2029149147044085        9.5969999999999995        1.7990753408945941       0.55415250998593168        1.1399009517960352      -0.81484696258760891     
         300   1.2176069280501067        9.5899999999999999        1.8019944509405756       0.55545680360418792        1.1713830226772137      -0.82004415982205470     
         305   1.2323009449551960        9.5820000000000007        1.8044373170201871       0.55667418512945621        1.2032417832560756      -0.82504212663172893     
         310   1.2469969270962975        9.5739999999999998        1.8067632701921099       0.55785750302205361        1.2355062541342299      -0.82996519096536836     
         315   1.2616948373529158        9.5670000000000002        1.8093292179737521       0.55905852075068030        1.2682061204623793      -0.83493859992014807     
         320   1.2763946397553207        9.5589999999999993        1.8114315998631307       0.56017655262740917        1.3012814006305995      -0.83971648427601719     
         325   1.2910962994352968        9.5510000000000002        1.8134276387646666       0.56126354384475563        1.3347616483788471      -0.84442379631076481     
         330   1.3057997825795620        9.5429999999999993        1.8153206040010994       0.56232042905507174        1.3686466442692140      -0.84906191333386993     
         335   1.3205050563856926        9.5350000000000001        1.8171136463070559       0.56334810928234191        1.4029361809910961      -0.85363217947387593     
         340   1.3352120890203791        9.5269999999999992        1.8188098027795090       0.56434745331703962        1.4376300627057801      -0.85813590653511163     
         345   1.3499208495798753        9.5190000000000001        1.8204120015971570       0.56531929904625644        1.4727281043582110      -0.86257437483482469     
         350   1.3646313080524928        9.5109999999999992        1.8219230665204527       0.56626445472236853        1.5082301310845967      -0.86694883402080214     
         355   1.3793434352830198        9.5030000000000001        1.8233457211831847       0.56718370017326980        1.5441359776139461      -0.87126050386951714     
         360   1.3940572029389400        9.4949999999999992        1.8246825931866639       0.56807778795726882        1.5804454877041130      -0.87551057506509355     
         365   1.4087725834783462        9.4870000000000001        1.8259362180058498       0.56894744446523049        1.6171585136698692      -0.87970020995930209     
         370   1.4234895501194400        9.4789999999999992        1.8271090427173764       0.56979337097275751        1.6542749158484997      -0.88383054331254651     
         375   1.4382080768115304        9.4719999999999995        1.8285496977731428       0.57066406755117638        1.6918261796534020      -0.88802853111308899     
         380   1.4529281382074339        9.4640000000000004        1.8295673488971218       0.57146431750750837        1.7297490705238798      -0.89204369040606080     
         385   1.4676497096372036        9.4559999999999995        1.8305110472575581       0.57224280287879503        1.7680749606474386      -0.89600278870924621     
         390   1.4823727670830993        9.4480000000000004        1.8313829205112366       0.57300013407602179        1.8068037382685285      -0.89990685767457623     
         395   1.4970972871557395        9.4399999999999995        1.8321850241655016       0.57373690098623253        1.8459352976532293      -0.90375690478787840     
         400   1.5118232470713562        9.4320000000000004        1.8329193444085858       0.57445367377254131        1.8854695386900304      -0.90755391400364149     
         405   1.5265506246301008        9.4250000000000007        1.8339306401153517       0.57519750843278383        1.9254386959428018      -0.91142540601318422     
         410   1.5412793981953350        9.4169999999999998        1.8345345219164113       0.57587571804970317        1.9657781370570837      -0.91511930276535303     
         415   1.5560095466738575        9.4090000000000007        1.8350761919184548       0.57653553555376191        2.0065199890577810      -0.91876297423110542     
         420   1.5707410494970122        9.4009999999999998        1.8355573850197320       0.57717745951730703        2.0476641714616655      -0.92235731642390162     
         425   1.5854738866026332        9.3940000000000001        1.8363203824099896       0.57784764471286032        2.0892433784529660      -0.92603014792412153     
         430   1.6002080384177786        9.3859999999999992        1.8366850449592169       0.57845501217534800        2.1311921084201342      -0.92952852447705170     
         435   1.6149434858422145        9.3789999999999996        1.8373336130633460       0.57909115686493551        2.1735759269772430      -0.93310724549291102     
         440   1.6296802102326065        9.3710000000000004        1.8375880404216534       0.57966578450426198        2.2163289264591204      -0.93651298617421996     
         445   1.6444181933873867        9.3640000000000008        1.8381282831840975       0.58026965663321561        2.2595170891070797      -0.94000083699103387     
         450   1.6591574175322557        9.3559999999999999        1.8382783731653463       0.58081324732308148        2.3030741083270829      -0.94331712293159253     
         455   1.6738978653062915        9.3490000000000002        1.8387160122734079       0.58138650507873713        2.3470663748235383      -0.94671720015734084     
         460   1.6886395197486328        9.3420000000000005        1.8391041208646379       0.58194494905640481        2.3914606557012394      -0.95007454116189882     
         465   1.7033823642857087        9.3339999999999996        1.8391076966116238       0.58244485582399885        2.4362233434879981      -0.95326233526770199     
         470   1.7181263827189857        9.3270000000000000        1.8394011302435893       0.58297498617828003        2.4814214117682827      -0.95653629121490147     
         475   1.7328715592132116        9.3200000000000003        1.8396488182574708       0.58349140347966233        2.5270213472758782      -0.95976962861455328     
         480   1.7476178782851250        9.3130000000000006        1.8398519464448326       0.58399445319305365        2.5730231057175019      -0.96296302181172055     
         485   1.7623653247926130        9.3059999999999992        1.8400116644510465       0.58448447034086903        2.6194266450816825      -0.96611713052145365     
         490   1.7771138839242944        9.2980000000000000        1.8397953585016145       0.58491859156621417        2.6661979165906144      -0.96910479710491593     
         495   1.7918635411895074        9.2910000000000004        1.8398720700004776       0.58538368629067494        2.7134048144239875      -0.97218221272551508     
         500   1.8066142824086855        9.2850000000000001        1.8402413381489926       0.58587952758952966        2.7610475598957969      -0.97535013507896851     
