           5  0.22591778025387085        5.8390000000000004       0.16666972516115755        8.4378867581053049E-002   9.9999999999999988E-019  -6.6988460700804317E-002
          10  0.23082729125051718        7.8380000000000001       0.40661297084075260       0.15335269683313060        9.9999999999999988E-019 -0.12808328355500273     
          15  0.23573811210635764        9.1500000000000004       0.65231856627844831       0.21074345418705617        9.9999999999999988E-019 -0.18424313856971455     
          20  0.24065018850644151        10.103999999999999       0.88557061929090419       0.25908681397667849        1.0719423117317507E-002 -0.23607652986770741     
          25  0.24556346976369625        10.836000000000000        1.1010523514339134       0.30036852434154721        1.3670224494287366E-002 -0.28422421841371703     
          30  0.25047790848975460        11.416000000000000        1.2975234264164353       0.33598253002312223        1.6729698052055691E-002 -0.32913262929589143     
          35  0.25539346030312138        11.885999999999999        1.4756065227992927       0.36698666934914342        1.9897477917537119E-002 -0.37117600153845548     
          40  0.26031008356963897        12.273999999999999        1.6369215570629174       0.39423683328945441        2.3175278559912842E-002 -0.41072216712543419     
          45  0.26522773917099435        12.597000000000000        1.7824090018539622       0.41826900771258640        2.6558119302628257E-002 -0.44791097209480363     
          50  0.27014639029765819        12.869999999999999        1.9142584490008763       0.43968077269854428        3.0050350643058745E-002 -0.48309132956885098     
          55  0.27506600226318029        13.103000000000000        2.0340399161261309       0.45888533504255147        3.3652611857008602E-002 -0.51647947013980433     
          60  0.27998654233721565        13.302000000000000        2.1424864842933711       0.47612018749492757        3.7359891873339941E-002 -0.54811822458123005     
          65  0.28490797959502495        13.474000000000000        2.2413359067813707       0.49172903671060858        4.1176352030103787E-002 -0.57826756227356257     
          70  0.28983028478150924        13.622999999999999        2.3314304977018483       0.50590056584408649        4.5100083957680809E-002 -0.60701093104163739     
          75  0.29475343018810213        13.752000000000001        2.4134256473573625       0.51878033889702702        4.9128479510463646E-002 -0.63439969064295409     
          80  0.29967738954106599        13.866000000000000        2.4891351635686445       0.53065557685317899        5.3270178099601301E-002 -0.66075676599336619     
          85  0.30460213789992913        13.965000000000000        2.5581659785292512       0.54150594307059474        5.7515207694265789E-002 -0.68592242124475666     
          90  0.30952765156496320        14.052000000000000        2.6216525498384899       0.55150879314430779        6.1867913961699605E-002 -0.71008945893804132     
          95  0.31445390799273698        14.129000000000000        2.6803465471476704       0.56078317073816608        6.6330105469249750E-002 -0.73337673604462650     
         100  0.31938088571890327        14.196999999999999        2.7345702964320178       0.56938753884801552        7.0900176688248162E-002 -0.75581084249887476     
         105  0.32430856428747729        14.256000000000000        2.7841821933839510       0.57731841872246514        7.5572299818616934E-002 -0.77730987015795749     
         110  0.32923692418595135        14.308999999999999        2.8305904322042386       0.58476746186862427        8.0356584678815943E-002 -0.79817628782018601     
         115  0.33416594678567052        14.355000000000000        2.8732097388919389       0.59167004381016985        8.5243584200170891E-002 -0.81823009372418276     
         120  0.33909561428695634        14.396000000000001        2.9130014363049690       0.59815578777613299        9.0239989403473095E-002 -0.83767921001331780     
         125  0.34402590966852592        14.432000000000000        2.9499222715669200       0.60422612797409803        9.5342474476070249E-002 -0.85648509721271149     
         130  0.34895681664080319        14.464000000000000        2.9844569203454157       0.60994735141109468       0.10055361726613733      -0.87474755352252875     
         135  0.35388831960276251        14.492000000000001        3.0165818444281181       0.61532170685673815       0.10587075846074522      -0.89243839060359897     
         140  0.35882040360198425        14.516000000000000        3.0462780751482414       0.62035178155096704       0.11129136107135107      -0.90953086113858495     
         145  0.36375305429763499        14.537000000000001        3.0740570486198870       0.62510443626601309       0.11681911778174169      -0.92614238569587148     
         150  0.36868625792611565        14.555999999999999        3.1004394096208161       0.62964629209912426       0.12245829030722037      -0.94239952048505327     
         155  0.37362000126914613        14.571000000000000        3.1243669640266534       0.63385238303377178       0.12819466328269563      -0.95799783397390337     
         160  0.37855427162407895        14.585000000000001        3.1474229057417324       0.63791691231336933       0.13404545531288026      -0.97336040071743890     
         165  0.38348905677625506        14.596000000000000        3.1685512545246062       0.64171520620161859       0.13999649372467671      -0.98818251982069805     
         170  0.38842434497323247        14.606000000000000        3.1888151477969884       0.64537701889798593       0.14605945158005074       -1.0027527970361036     
         175  0.39336012490073563        14.614000000000001        3.2076889411490486       0.64884145933400661       0.15222661461082954       -1.0169140015937681     
         180  0.39829638566018705        14.619999999999999        3.2251774704353560       0.65211125108872736       0.15849677386718899       -1.0306576888968819     
         185  0.40323311674769596        14.625000000000000        3.2418189033268732       0.65525195313859730       0.16487572920596846       -1.0441320843535846     
         190  0.40817030803439058        14.629000000000000        3.2576203901777827       0.65826578678616365       0.17136266374067277       -1.0573340661232375     
         195  0.41310794974799009        14.631000000000000        3.2720562141156324       0.66109244570718795       0.17794965790606332       -1.0701018549750352     
         200  0.41804603245552296        14.632999999999999        3.2861995861300959       0.66385925248202848       0.18465015871393578       -1.0827491928675956     
         205  0.42298454704710536        14.632999999999999        3.2989920450490167       0.66644351189559703       0.19144908933434937       -1.0949546469445721     
         210  0.42792348472070096        14.632999999999999        3.3115073709321772       0.66897178647771027       0.19836032490227049       -1.1070376042888224     
         215  0.43286283696779160        14.632000000000000        3.3232200575380673       0.67138379794879999       0.20537598786123606       -1.1188358194774046     
         220  0.43780259555989220        14.630000000000001        3.3341377106595900       0.67368155386452810       0.21249546096977914       -1.1303474169963812     
         225  0.44274275253585094        14.627000000000001        3.3442679653264906       0.67586702164507451       0.21971815432192329       -1.1415707146658198     
         230  0.44768330018987867        14.622999999999999        3.3536184753341223       0.67794212777633278       0.22704350361052791       -1.1525042192371930     
         235  0.45262423106025790        14.619000000000000        3.3627289764540946       0.67996983781869735       0.23447878398353142       -1.1633147093412979     
         240  0.45756553791868437        14.615000000000000        3.3716060982000977       0.68195145376235733       0.24202371027973751       -1.1740039637877626     
         245  0.46250721376019865        14.609999999999999        3.3797248119905396       0.68382751701608036       0.24967004398702272       -1.1844036897726056     
         250  0.46744925179366836        14.605000000000000        3.3876234764986393       0.68566032648344499       0.25742534417544705       -1.1946837886515589     
         255  0.47239164543278428        14.599000000000000        3.3947775042919357       0.68739070559625881       0.26528125558849686       -1.2046741779587959     
         260  0.47733438828753849        14.593000000000000        3.4017242187407035       0.68908051256862357       0.27324551599150276       -1.2145467037308013     
         265  0.48227747415615047        14.586000000000000        3.4079396162027011       0.69067085568122855       0.28130965510475764       -1.2241296176127729     
         270  0.48722089701741600        14.579000000000001        3.4139598633805384       0.69222315681066082       0.28948158117754902       -1.2335965718914781     
         275  0.49216465102344964        14.571999999999999        3.4197903139736252       0.69373844718498379       0.29776109997408245       -1.2429493409959551     
         280  0.49710873049279836        14.565000000000000        3.4254361447895452       0.69521772411319971       0.30614802554048831       -1.2521896687502536     
         285  0.50205312990390094        14.557000000000000        3.4303747783804104       0.69660267383395413       0.31463366093411721       -1.2611427110005531     
         290  0.50699784388887503        14.548999999999999        3.4351397593648119       0.69795386378200119       0.32322622865556555       -1.2699852987102953     
         295  0.51194286722760984        14.541000000000000        3.4397357967700124       0.69927219554617381       0.33192557008260648       -1.2787191425952980     
         300  0.51688819484214787        14.532999999999999        3.4441674458677629       0.70055854142596485       0.34073153329101419       -1.2873459230021369     
         305  0.52183382179133642        14.523999999999999        3.4479139082449635       0.70175517118667241       0.34963520485739846       -1.2956880819281746     
         310  0.52677974326573651        14.516000000000000        3.4520304626642115       0.70298022526316539       0.35865392302051874       -1.3041050339653044     
         315  0.53172595458277161        14.507000000000000        3.4554714713213488       0.70411751772153131       0.36776996064192685       -1.3122393850258387     
         320  0.53667245118210194        14.497999999999999        3.4587661505162730       0.70522638628689416       0.37699196143509783       -1.3202719569597714     
         325  0.54161922862121603        14.489000000000001        3.4619183821605550       0.70630756998724975       0.38631980631735574       -1.3282043337610170     
         330  0.54656628257122153        14.480000000000000        3.4649319243853101       0.70736178441832220       0.39575338112101982       -1.3360380706245405     
         335  0.55151360881282874        14.471000000000000        3.4678104161597330       0.70838972261415123       0.40529257637636606       -1.3437746944834190     
         340  0.55646120323251314        14.462000000000000        3.4705573817140789       0.70939205588096010       0.41493728705911481       -1.3514157045379425     
         345  0.56140906181885042        14.452000000000000        3.4726562250093740       0.71031222324554277       0.42467819502875154       -1.3587789864921866     
         350  0.56635718065901175        14.443000000000000        3.4751509364168922       0.71126544376989298       0.43453358710821660       -1.3662326783345091     
         355  0.57130555593541199        14.433000000000000        3.4770053998328962       0.71213806812935831       0.44448488388199581       -1.3734105942640502     
         360  0.57625418392250338        14.423999999999999        3.4792606870427507       0.71304461560246113       0.45455058971121959       -1.3806826991414554     
         365  0.58120306098370544        14.414000000000000        3.4808832101965250       0.71387205741513060       0.46471192596221933       -1.3876809296819852     
         370  0.58615218356846688        14.404999999999999        3.4829111233460863       0.71473422415447985       0.47498760643428117       -1.3947769712687590     
         375  0.59110154820944882        14.395000000000000        3.4843133921984539       0.71551870169107634       0.48535865980286730       -1.4016009908575897     
         380  0.59605115151982702        14.385999999999999        3.4861252569571954       0.71633864305295014       0.49584400178570459       -1.4085262931825639     
         385  0.60100099019070341        14.375999999999999        3.4873182571088268       0.71708224240977847       0.50642447445408667       -1.4151813779747364     
         390  0.60595106098862617        14.366000000000000        3.4884108880837958       0.71780622413979578       0.51710952852006586       -1.4217537343630642     
         395  0.61090136075320778        14.356999999999999        3.4899187912860170       0.71856667067986435       0.52790880494750836       -1.4284323085825039     
         400  0.61585188639483968        14.347000000000000        3.4908174247953907       0.71925267435715023       0.53880287352410328       -1.4348433003268388     
         405  0.62080263489249821        14.337000000000000        3.4916229852255944       0.71992044472698247       0.54980133346256665       -1.4411752621535432     
         410  0.62575360329163654        14.327000000000000        3.4923377621717853       0.72057041601954064       0.56090412621879204       -1.4474293857094422     
         415  0.63070478870215974        14.318000000000000        3.4934743408642719       0.72125800825327224       0.57212107889864827       -1.4537958335411931     
         420  0.63565618829647674        14.308000000000000        3.4940134546630279       0.72187348497295289       0.58343241363430431       -1.4598980652402491     
         425  0.64060779930762990        14.298000000000000        3.4944682612412703       0.72247239231702243       0.59484791746963139       -1.4659258951834877     
         430  0.64555961902749304        14.289000000000000        3.4953490937689513       0.72310966984135017       0.60637754930708077       -1.4720703027345086     
         435  0.65051164480503954        14.279000000000000        3.4956406363014674       0.72367644050387703       0.61800128335882687       -1.4779528994936020     
         440  0.65546387404467454        14.270000000000000        3.4963607414032807       0.72428203073887187       0.62973912946603106       -1.4839547660316605     
         445  0.66041630420462927        14.260000000000000        3.4964967071019877       0.72481812787142408       0.64157090334847289       -1.4896963653186774     
         450  0.66536893279541498        14.250000000000000        3.4965579779488678       0.72533948243264557       0.65350660957680540       -1.4953688860807672     
         455  0.67032175737833255        14.241000000000000        3.4970512076841156       0.72590026323676859       0.66555641428307111       -1.5011645024682612     
         460  0.67527477556403737        14.231000000000000        3.4969676373879444       0.72639298775149796       0.67769989897232774       -1.5067021076387856     
         465  0.68022798501115456        14.222000000000000        3.4973180591769393       0.72692550146121993       0.68995747708663135       -1.5123652307897568     
         470  0.68518138342494539        14.212000000000000        3.4970963167312807       0.72739086648476081       0.70230857995998053       -1.5177717909601891     
         475  0.69013496855601830        14.202999999999999        3.4973104224208376       0.72789635337306746       0.71477377487246518       -1.5233061914468884     
         480  0.69508873819908901        14.194000000000001        3.4974583678112823       0.72838870259459876       0.72734274014027500       -1.5287777097781243     
         485  0.70004269019177945        14.183999999999999        3.4970407467088167       0.72881519496103109       0.74000501095185889       -1.5339947577578115     
         490  0.70499682241346251        14.175000000000001        3.4970614670824518       0.72928225582403938       0.75278137615425145       -1.5393429565926733     
         495  0.70995113278414335        14.166000000000000        3.4970203923595440       0.72973701513089362       0.76566140791828019       -1.5446308933595181     
         500  0.71490561926338048        14.156000000000001        3.4964199691625302       0.73012713056952006       0.77863453906461755       -1.5496663758379647     
