           5  0.22196847204935014        6.2489999999999997       0.19547879175557561        9.2470790420685414E-002   9.9999999999999988E-019  -7.4089703787723657E-002
          10  0.23618435793557241        8.1869999999999994       0.45052767055928167       0.16267174590796732        9.9999999999999988E-019 -0.13780211459133168     
          15  0.25043067218339909        9.3629999999999995       0.68959670323226085       0.21771863446622935        1.5515881489145114E-002 -0.19347608004265987     
          20  0.26470418015259795        10.160000000000000       0.90039742755190011       0.26197266984748846        2.1500252269816774E-002 -0.24272851443685498     
          25  0.27900217921406728        10.733000000000001        1.0833234800015277       0.29836815952161705        2.7896343540889698E-002 -0.28685044782610691     
          30  0.29332238415903633        11.157999999999999        1.2408366939691737       0.32873331512143084        3.4697257561196237E-002 -0.32663262929962950     
          35  0.30766284244817893        11.481000000000000        1.3766235800944435       0.35444669885268548        4.1904409076697811E-002 -0.36279301989680424     
          40  0.32202187033351548        11.731000000000000        1.4941495912575284       0.37650824763247787        4.9519639765801253E-002 -0.39590510913459359     
          45  0.33639800390320246        11.927000000000000        1.5963223629218062       0.39564422142819466        5.7543522810983926E-002 -0.42641186178791984     
          50  0.35078996100340792        12.082000000000001        1.6855342346251523       0.41239576333550293        6.5975921865389212E-002 -0.45466274530473605     
          55  0.36519661122585234        12.205000000000000        1.7636728475038055       0.42716503176442533        7.4815280354114846E-002 -0.48092365516400698     
          60  0.37961695196915551        12.303000000000001        1.8324472964348943       0.44028705533681051        8.4062375524796937E-002 -0.50544557412234592     
          65  0.39405008913801642        12.381000000000000        1.8931857707973783       0.45201511407881911        9.3716577881457888E-002 -0.52842030426155318     
          70  0.40849522142861044        12.443000000000000        1.9470612412863664       0.46256200746086917       0.10377841478315454      -0.55002505661071843     
          75  0.42295162741900827        12.492000000000001        1.9950159452522633       0.47209548193736661       0.11424778617836269      -0.57040301890324985     
          80  0.43741865487670251        12.529999999999999        2.0377095566343972       0.48073601577238828       0.12512241965940635      -0.58964757469939133     
          85  0.45189571183549210        12.558999999999999        2.0758538084012845       0.48860415213550656       0.13640287642702828      -0.60787452749298898     
          90  0.46638225909696740        12.581000000000000        2.1101967545363456       0.49581908204165226       0.14809223702612251      -0.62521868862266727     
          95  0.48087780388844553        12.597000000000000        2.1411390660793996       0.50245039809166159       0.16018914971922557      -0.64174331525757977     
         100  0.49538189446683628        12.606999999999999        2.1687214244904185       0.50851932933295096       0.17268681671896063      -0.65743173259667531     
         105  0.50989411550171926        12.614000000000001        2.1941076425610246       0.51418636035227372       0.18560000466489940      -0.67253991865844875     
         110  0.52441408410453583        12.616000000000000        2.2166050173007825       0.51937624259015613       0.19891017315485807      -0.68688455123198167     
         115  0.53894144639683517        12.616000000000000        2.2373835641777520       0.52424489691477072       0.21263435668113218      -0.70073479584353870     
         120  0.55347587453084790        12.613000000000000        2.2561230900716440       0.52876152092948026       0.22676205961185195      -0.71400156190774566     
         125  0.56801706409167163        12.608000000000001        2.2732470203765409       0.53298609499996685       0.24129758749218400      -0.72677985978990545     
         130  0.58256473182304558        12.601000000000001        2.2888043843713057       0.53693178482107828       0.25623839269234139      -0.73907429582742123     
         135  0.59711861362882801        12.592000000000001        2.3028423684145256       0.54061108276770720       0.27158216112488948      -0.75088981773976959     
         140  0.61167846281044169        12.582000000000001        2.3157768427507599       0.54407963999637987       0.28733463354087074      -0.76232711886287474     
         145  0.62624404850713888        12.571000000000000        2.3276493070647990       0.54734754000330721       0.30349421125911841      -0.77339344299477253     
         150  0.64081515431130343        12.558000000000000        2.3381299235066684       0.55038122421006319       0.32005138570490188      -0.78399932570908704     
         155  0.65539157703538997        12.545000000000000        2.3479950099715188       0.55327615377453621       0.33702084578109603      -0.79434458074806058     
         160  0.66997312561070510        12.532000000000000        2.3572775541563535       0.55603967809629284       0.35440168272844025      -0.80443774915555566     
         165  0.68455962010122129        12.516999999999999        2.3652749647075373       0.55859472647581954       0.37217638803526021      -0.81409083383145786     
         170  0.69915089081808313        12.503000000000000        2.3731190393300539       0.56107477118992155       0.39036897442968416      -0.82360478016675842     
         175  0.71374677752253068        12.488000000000000        2.3801044433143352       0.56340224553734974       0.40896200383364040      -0.83279069036094588     
         180  0.72834712870669682        12.472000000000000        2.3862594489021425       0.56558385987920146       0.42795461783745381      -0.84165482882280573     
         185  0.74295180094318380        12.456000000000000        2.3919740376187799       0.56766655854639803       0.44735471003264565      -0.85030299668330145     
         190  0.75756065829555663        12.440000000000000        2.3972708270167216       0.56965533440301086       0.46716179256643531      -0.85874217035500933     
         195  0.77217357178292778        12.423999999999999        2.4021710674738470       0.57155488073750416       0.48737542114109583      -0.86697905376579965     
         200  0.78679041889269419        12.407999999999999        2.4066947365235509       0.57336961180438872       0.50799519097487844      -0.87502008932631348     
         205  0.80141108313624410        12.391999999999999        2.4108606259753889       0.57510368180521276       0.52902073312673159      -0.88287146855831355     
         210  0.81603545364309238        12.375999999999999        2.4146864224210782       0.57676100243684458       0.55045171117519431      -0.89053914237605247     
         215  0.83066342478946609        12.359999999999999        2.4181887816678516       0.57834525912368884       0.57228781819190067      -0.89802883101528763     
         220  0.84529489585783169        12.343000000000000        2.4210267823413472       0.57982149765937752       0.59451958860882415      -0.90524440391495187     
         225  0.85992977072427823        12.327000000000000        2.4239293825338870       0.58127014273333821       0.61716507393896369      -0.91239419141920663     
         230  0.87456795757101835        12.311000000000000        2.4265529874523191       0.58265556188637102       0.64021491983934387      -0.91938187718939379     
         235  0.88920936862159039        12.295000000000000        2.4289107683585272       0.58398067503663542       0.66366891230023828      -0.92621235018203052     
         240  0.90385391989660679        12.279000000000000        2.4310151628500201       0.58524824069727766       0.68752685546246139      -0.93289031311283643     
         245  0.91850153098813836        12.263000000000000        2.4328779218940384       0.58646086626134875       0.71178856995223772      -0.93942029031152174     
         250  0.93315212485102450        12.247999999999999        2.4348612540061954       0.58765777934653518       0.73646343683545323      -0.94590938589591844     
         255  0.94780562760958542        12.231999999999999        2.4362725667055494       0.58876753005429250       0.76153227045447502      -0.95215643897621982     
         260  0.96246196837837084        12.217000000000001        2.4378231319486470       0.58986559832815721       0.78701407423152148      -0.95837111667212382     
         265  0.97712107909571944        12.201000000000001        2.4388228274721606       0.59088133675270604       0.81288946875081969      -0.96435135108497838     
         270  0.99178289436902844        12.186000000000000        2.4399783661023693       0.59188897493648951       0.83917769347724847      -0.97030708496522122     
         275   1.0064473513307453        12.170999999999999        2.4409488942110711       0.59285416173321759       0.86586898547879831      -0.97613885618777541     
         280   1.0211143895041819        12.156000000000001        2.4417424464075639       0.59377869383549187       0.89296324393719995      -0.98185011509516418     
         285   1.0357839506783535        12.141999999999999        2.4427117051543927       0.59469930850059882       0.92047027793018743      -0.98754782262117857     
         290   1.0504559787911052        12.127000000000001        2.4431729594513980       0.59554733290263795       0.94837024603051456      -0.99302801320957290     
         295   1.0651304198198683        12.113000000000000        2.4438224009543066       0.59639414710649730       0.97668291677548913      -0.99850113570848031     
         300   1.0798072216794492        12.099000000000000        2.4443215246996788       0.59720619481995230        1.0053983140820617       -1.0038665205883102     
         305   1.0944863341262987        12.085000000000001        2.4446765620402902       0.59798487944834511        1.0345163694773416       -1.0091270296343171     
         310   1.1091677086687779        12.071000000000000        2.4448934395866115       0.59873153627918085        1.0640370196479834       -1.0142854248651361     
         315   1.1238512984829565        12.058000000000000        2.4453180912998747       0.59948114751528248        1.0939703696427499       -1.0194485169935967     
         320   1.1385370583335406        12.044000000000000        2.4452745323575398       0.60016729601783581        1.1242960805515423       -1.0244106603436323     
         325   1.1532249444995508        12.031000000000001        2.4454477301374973       0.60085835748202154        1.1550344679416813       -1.0293826897019351     
         330   1.1679149147044077        12.018000000000001        2.4455022859425570       0.60152173156245992        1.1861753209217252       -1.0342628513689198     
         335   1.1826069280501057        12.005000000000001        2.4454428670077601       0.60215847755851426        1.2177185956618020       -1.0390534557664328     
         340   1.1973009449551950        11.992000000000001        2.4452739240699155       0.60276960599524476        1.2496642514040099       -1.0437567361744045     
         345   1.2119969270962967        11.980000000000000        2.4453356199882070       0.60338860541374284        1.2820226458276984       -1.0484793464635034     
         350   1.2266948373529150        11.968000000000000        2.4452947026784293       0.60398350085395536        1.3147834209601361       -1.0531189729257848     
         355   1.2413946397553199        11.955000000000000        2.4448205164844454       0.60452302871323771        1.3479360791581143       -1.0575730437017201     
         360   1.2560962994352958        11.943000000000000        2.4445865512047700       0.60507252694906133        1.3815014844368239       -1.0620526316051242     
         365   1.2707997825795612        11.932000000000000        2.4445943483312642       0.60563226938009895        1.4154797117591289       -1.0665597420425339     
         370   1.2855050563856913        11.920000000000000        2.4441802191923521       0.60613926522223416        1.4498497012560971       -1.0708869103688372     
         375   1.3002120890203783        11.907999999999999        2.4436812913492454       0.60662623222415346        1.4846219269549454       -1.0751405262748770     
         380   1.3149208495798743        11.897000000000000        2.4434319613367306       0.60712516895927338        1.5198069994343861       -1.0794270620610498     
         385   1.3296313080524917        11.885999999999999        2.4431026652204566       0.60760514143459199        1.5553943282436622       -1.0836434705773195     
         390   1.3443434352830186        11.875000000000000        2.4426962730673107       0.60806681140273267        1.5913838928818431       -1.0877913516461954     
         395   1.3590572029389392        11.864000000000001        2.4422155335197826       0.60851081281603936        1.6277756740620954       -1.0918722558639740     
         400   1.3737725834783450        11.853999999999999        2.4419919513899533       0.60896839528471869        1.6645804082028837       -1.0959925506467496     
         405   1.3884895501194392        11.843000000000000        2.4413697189157499       0.60937870403140038        1.7017766005510826       -1.0999439873743839     
         410   1.4032080768115294        11.833000000000000        2.4410084365765603       0.60980343227863221        1.7393857717443453       -1.1039377258291465     
         415   1.4179281382074329        11.823000000000000        2.4405815742432115       0.61021248220257129        1.7773971524259442       -1.1078702693481919     
         420   1.4326497096372024        11.813000000000001        2.4400913782377787       0.61060637610465085        1.8158107286194902       -1.1117429449788618     
         425   1.4473727670830980        11.803000000000001        2.4395400041939168       0.61098561534334761        1.8546264870904610       -1.1155570406797153     
         430   1.4620972871557383        11.792999999999999        2.4389295213072915       0.61135068131081582        1.8938444152712761       -1.1193138067033630     
         435   1.4768232470713551        11.782999999999999        2.4382619163598434       0.61170203635775466        1.9334645011995666       -1.1230144569237319     
         440   1.4915506246300998        11.773999999999999        2.4378635607483621       0.61206960466614690        1.9734977122045176       -1.1267651662887033     
         445   1.5062793981953342        11.765000000000001        2.4374107968176810       0.61242406470062272        2.0139331123857214       -1.1304621064559897     
         450   1.5210095466738565        11.756000000000000        2.4369054061590525       0.61276583434090004        2.0547706920093343       -1.1341063876917403     
         455   1.5357410494970112        11.747000000000000        2.4363491015977781       0.61309531544272167        2.0960104418109271       -1.1376990889407277     
         460   1.5504738866026322        11.738000000000000        2.4357435302734869       0.61341289455215520        2.1376523528818812       -1.1412412588930323     
         465   1.5652080384177773        11.728999999999999        2.4350902765639262       0.61371894358374179        2.1796964166908261       -1.1447339170095101     
         470   1.5799434858422130        11.720000000000001        2.4343908648610735       0.61401382046452191        2.2221426250224936       -1.1481780545080187     
         475   1.5946802102326052        11.712000000000000        2.4339678174257084       0.61432645286003251        2.2650021224007939       -1.1516796899705335     
         480   1.6094181933873855        11.704000000000001        2.4335005760862591       0.61462835060271603        2.3082637972635411       -1.1551347178793907     
         485   1.6241574175322546        11.695000000000000        2.4326703606385198       0.61489149519662356        2.3519164460916602       -1.1584389857704775     
         490   1.6388978653062904        11.686999999999999        2.4321192536207312       0.61517300613047854        2.3959824336339994       -1.1618035034987153     
         495   1.6536395197486318        11.679000000000000        2.4315279301911530       0.61544472354138302        2.4404505791139193       -1.1651240747127325     
         500   1.6683823642857074        11.672000000000001        2.4312164786230972       0.61573494277294138        2.4853321419664187       -1.1685066146991232     
