           5  0.22196847204935014        6.2329999999999997       0.19398094228183779        9.1997788216875279E-002   9.9999999999999988E-019  -7.3691861555813809E-002
          10  0.23618435793557241        8.1679999999999993       0.44740018965964201       0.16191828056416824        9.9999999999999988E-019 -0.13710427698650021     
          15  0.25043067218339909        9.3430000000000000       0.68519695389466917       0.21679263464456641        9.9999999999999988E-019 -0.19254477043934354     
          20  0.26470418015259795        10.141000000000000       0.89535125404053273       0.26099255086163770        9.9999999999999988E-019 -0.24166908606789225     
          25  0.27900217921406728        10.712999999999999        1.0773237145928765       0.29726964432139802        9.9999999999999988E-019 -0.28558670575884049     
          30  0.29332238415903633        11.138999999999999        1.2345523588362730       0.32762630075832083        9.9999999999999988E-019 -0.32528563553041628     
          35  0.30766284244817893        11.462999999999999        1.3701974862384609       0.35334611656044301        9.9999999999999988E-019 -0.36138493543575206     
          40  0.32202187033351548        11.714000000000000        1.4876915128298651       0.37542493501694923        9.9999999999999988E-019 -0.39445494685756322     
          45  0.33639800390320246        11.910000000000000        1.5895856129168378       0.39453688419002020        9.9999999999999988E-019 -0.42486804221046415     
          50  0.35078996100340792        12.066000000000001        1.6789090960131363       0.41131950986217730        1.0382823361714437E-002 -0.45310485180881710     
          55  0.36519661122585234        12.189000000000000        1.7568663607433528       0.42607504531416901        1.1628399702309691E-002 -0.47929114916151305     
          60  0.37961695196915551        12.287000000000001        1.8254915149783359       0.43918693172780859        1.2908368912369786E-002 -0.50374512947882655     
          65  0.39405008913801642        12.366000000000000        1.8864652245883455       0.45095687277818158        1.4223037100941079E-002 -0.52673582140975839     
          70  0.40849522142861044        12.428000000000001        1.9402436804288690       0.46149869951913169        1.5569677433357760E-002 -0.54828587777966853     
          75  0.42295162741900827        12.477000000000000        1.9881190459101692       0.47102901407701392        1.6948722482123198E-002 -0.56861375484743948     
          80  0.43741865487670251        12.515000000000001        2.0307484519979995       0.47966797684698248        1.8359126664677702E-002 -0.58781245824228523     
          85  0.45189571183549210        12.545000000000000        2.0692095184767085       0.48758378057640778        1.9801757074190057E-002 -0.60608203744015821     
          90  0.46638225909696740        12.567000000000000        2.1035125260126675       0.49479913983710477        2.1274149391309054E-002 -0.62338877531322845     
          95  0.48087780388844553        12.583000000000000        2.1344234099192816       0.50143174771335453        2.2776796464634645E-002 -0.63987888270732063     
         100  0.49538189446683628        12.593999999999999        2.1623535892002090       0.50754957806852530        2.4309234198349898E-002 -0.65562414700974792     
         105  0.50989411550171926        12.601000000000001        2.1877219575449947       0.51321880689229582        2.5871283981591990E-002 -0.67070383086287133     
         110  0.52441408410453583        12.603000000000000        2.2102076196799514       0.51841144880944312        2.7459975481900243E-002 -0.68502243745828484     
         115  0.53894144639683517        12.603000000000000        2.2309779760808639       0.52328320405008644        2.9078538325288658E-002 -0.69884827695412177     
         120  0.55347587453084790        12.600000000000000        2.2497133267312837       0.52780327954898243        3.0724325632481429E-002 -0.71209249003989250     
         125  0.56801706409167163        12.595000000000001        2.2668361024821100       0.53203156265540319        3.2397892647912249E-002 -0.72484976748280239     
         130  0.58256473182304558        12.587999999999999        2.2823951241089797       0.53598118577219989        3.4098320644010541E-002 -0.73712467121376968     
         135  0.59711861362882801        12.580000000000000        2.2968077930630666       0.53970875173918154        3.5826468389237344E-002 -0.74901665087981872     
         140  0.61167846281044169        12.570000000000000        2.3097476915499899       0.54318117798716281        3.7579860797896381E-002 -0.76043762947615257     
         145  0.62624404850713888        12.558999999999999        2.3216271081284976       0.54645304989736032        3.9359517148542252E-002 -0.77148866712807662     
         150  0.64081515431130343        12.547000000000001        2.3324852448876530       0.54953385831523616        4.1164802467741526E-002 -0.78217689403952317     
         155  0.65539157703538997        12.534000000000001        2.3423592443346988       0.55243255171507055        4.2995113588964504E-002 -0.79250934859478173     
         160  0.66997312561070510        12.520000000000000        2.3512842965173402       0.55515756604053479        4.4849876423893147E-002 -0.80249296197259312     
         165  0.68455962010122129        12.506000000000000        2.3596598031378360       0.55775878398853973        4.6730492007902219E-002 -0.81223237118127800     
         170  0.69915089081808313        12.491000000000000        2.3671495515014715       0.56020107360937577        4.8634559836165062E-002 -0.82163728844774087     
         175  0.71374677752253068        12.476000000000001        2.3741477036286089       0.56253275673324299        5.0563597443728930E-002 -0.83081283013287643     
         180  0.72834712870669682        12.461000000000000        2.3806798346006106       0.56475950100850647        5.2517228455036855E-002 -0.83976644617020157     
         185  0.74295180094318380        12.445000000000000        2.3864074363062544       0.56684607169779111        5.4493006182254035E-002 -0.84840590421460482     
         190  0.75756065829555663        12.429000000000000        2.3917174218395760       0.56883868998024167        5.6492607518536048E-002 -0.85683681824777724     
         195  0.77217357178292778        12.413000000000000        2.3966310098024701       0.57074204562167374        5.8515705563395311E-002 -0.86506586978857358     
         200  0.78679041889269419        12.397000000000000        2.4011681494558927       0.57256054992359662        6.0561987266967002E-002 -0.87309948014967820     
         205  0.80141108313624410        12.381000000000000        2.4053476074736015       0.57429835463714773        6.2631152484228986E-002 -0.88094382098277324     
         210  0.81603545364309238        12.365000000000000        2.4091870481202546       0.57595936945184645        6.4722913133510404E-002 -0.88860482448175493     
         215  0.83066342478946609        12.348000000000001        2.4123461998503313       0.57750860809220661        6.6834704422785080E-002 -0.89598707768671926     
         220  0.84529489585783169        12.332000000000001        2.4155554872290166       0.57902718025547473        6.8970803679917439E-002 -0.90329806436922522     
         225  0.85992977072427823        12.316000000000001        2.4184718465526727       0.58047938972054169        7.1128699155689173E-002 -0.91044218402740240     
         230  0.87456795757101835        12.300000000000001        2.4211092197108255       0.58186832818346979        7.3308143736373718E-002 -0.91742450524090668     
         235  0.88920936862159039        12.284000000000001        2.4234807658498756       0.58319691508545024        7.5508899042822125E-002 -0.92424990299244503     
         240  0.90385391989660679        12.268000000000001        2.4255989119047014       0.58446790866552734        7.7730734876407720E-002 -0.93092306680163117     
         245  0.91850153098813836        12.252000000000001        2.4274753994815144       0.58568391621958182        7.9973428753156287E-002 -0.93744850853101147     
         250  0.93315212485102450        12.237000000000000        2.4294717978260225       0.58688410923907486        8.2239276702343142E-002 -0.94393303572416409     
         255  0.94780562760958542        12.221000000000000        2.4308967707789213       0.58799715012521880        8.4523079297442003E-002 -0.95017604590487270     
         260  0.96246196837837084        12.206000000000000        2.4324603229766986       0.58909840645939238        8.6829687829548863E-002 -0.95638662598678426     
         265  0.97712107909571944        12.190000000000000        2.4334735852322646       0.59011734441882413        8.9153791079126007E-002 -0.96236326792480054     
         270  0.99178289436902844        12.175000000000001        2.4346420093984453       0.59112808032299868        9.1500376311064738E-002 -0.96831533513421697     
         275   1.0064473513307453        12.160000000000000        2.4356253663485417       0.59209632029841819        9.3866685609668196E-002 -0.97414364149257660     
         280   1.0211143895041819        12.145000000000000        2.4364316871752214       0.59302386164400922        9.6252539637101245E-002 -0.97985162889701938     
         285   1.0357839506783535        12.131000000000000        2.4374130273673402       0.59394738396462865        9.8660490064143458E-002 -0.98554596504885661     
         290   1.0504559787911052        12.116000000000000        2.4378869222318067       0.59479833143251792       0.10108494570065570      -0.99102324721946433     
         295   1.0651304198198683        12.102000000000000        2.4385483139116340       0.59564796786038121       0.10353122322097445      -0.99649334650236987     
         300   1.0798072216794492        12.087999999999999        2.4390593196849086       0.59646279603222752       0.10599643580093540       -1.0018558717811552     
         305   1.0944863341262987        12.074000000000000        2.4394261695012029       0.59724422014313960       0.10848042674146988       -1.0071136783715984     
         310   1.1091677086687779        12.060000000000000        2.4396547888917013       0.59799357629129646       0.11098304324829016       -1.0122695221455065     
         315   1.1238512984829565        12.047000000000001        2.4400904901456939       0.59874578697247705       0.11350704086021338       -1.0174299221863032     
         320   1.1385370583335406        12.032999999999999        2.4400585300645514       0.59943455657446754       0.11604649484826886       -1.0223897987738300     
         325   1.1532249444995508        12.020000000000000        2.4402426341538264       0.60012814016275140       0.11860710135923964       -1.0273594097008236     
         330   1.1679149147044077        12.007000000000000        2.4403080244129867       0.60079399877293405       0.12118581725473343       -1.0322372820482801     
         335   1.1826069280501057        11.994000000000000        2.4402593680808264       0.60143319255457128       0.12378250705202516       -1.0370257214720480     
         340   1.1973009449551950        11.981000000000000        2.4401011160635409       0.60204673288269184       0.12639703826577586       -1.0417269567124396     
         345   1.2119969270962967        11.968999999999999        2.4401728117805241       0.60266804616794323       0.12903236059393633       -1.0464473507390433     
         350   1.2266948373529150        11.957000000000001        2.4401418234225947       0.60326522042936737       0.13168532581718229       -1.0510848719959200     
         355   1.2413946397553199        11.944000000000001        2.4396781156867147       0.60380705675055291       0.13435267379715651       -1.0555372316755265     
         360   1.2560962994352958        11.932000000000000        2.4394539393600732       0.60435876666056221       0.13704052699945499       -1.0600149251210871     
         365   1.2707997825795612        11.920000000000000        2.4391382403803399       0.60488889043056315       0.13974565891348151       -1.0644155788651535     
         370   1.2855050563856913        11.909000000000001        2.4390663589083998       0.60542976630364831       0.14247117505868681       -1.0688454236427640     
         375   1.3002120890203783        11.897000000000000        2.4385770152944497       0.60591884933063289       0.14521054610581069       -1.0730974344452489     
         380   1.3149208495798743        11.885999999999999        2.4383365825639367       0.60641980593157396       0.14797013204020473       -1.0773821673530397     
         385   1.3296313080524917        11.875000000000000        2.4380161178121353       0.60690176803886375       0.15074660131012543       -1.0815968597560512     
         390   1.3443434352830186        11.864000000000001        2.4376184920876773       0.60736539817920432       0.15353984645997168       -1.0857431086635785     
         395   1.3590572029389392        11.853000000000000        2.4371464550546817       0.60781133106603968       0.15634976198411724       -1.0898224619811958     
         400   1.3737725834783450        11.842000000000001        2.4366026409487662       0.60824017495715454       0.15917624435749769       -1.0938364203112660     
         405   1.3884895501194392        11.832000000000001        2.4363172359050802       0.60868293383435679       0.16202261019892367       -1.0978910361677763     
         410   1.4032080768115294        11.821000000000000        2.4356367557758203       0.60907917459013683       0.16488195136348338       -1.1017785466200225     
         415   1.4179281382074329        11.811000000000000        2.4352182896216839       0.60949012831203275       0.16776103394307607       -1.1057095319104742     
         420   1.4326497096372024        11.801000000000000        2.4347364232977653       0.60988589716972641       0.17065634340350044       -1.1095807193581724     
         425   1.4473727670830980        11.791000000000000        2.4341933136853338       0.61026698327134021       0.17356778530290598       -1.1133933947761172     
         430   1.4620972871557383        11.782000000000000        2.4339159180989132       0.61066355437058595       0.17649882272115588       -1.1172534868317852     
         435   1.4768232470713551        11.772000000000000        2.4332559172124850       0.61101656349591371       0.17944227990230616       -1.1209528602754997     
         440   1.4915506246300998        11.762000000000000        2.4325406478205709       0.61135628256301600       0.18240159535342551       -1.1245973579192552     
         445   1.5062793981953342        11.753000000000000        2.4320952619636174       0.61171241398018372       0.18538031934431304       -1.1282928402218702     
         450   1.5210095466738565        11.744000000000000        2.4315971892723951       0.61205582946852821       0.18837478119985512       -1.1319357214703867     
         455   1.5357410494970112        11.734999999999999        2.4310481438277560       0.61238693155224821       0.19138489561799832       -1.1355270789587377     
         460   1.5504738866026322        11.726000000000001        2.4304497740186033       0.61270610743067044       0.19441057847465174       -1.1390679597923983     
         465   1.5652080384177773        11.717000000000001        2.4298036654635800       0.61301372965650347       0.19745174701299445       -1.1425593819108175     
         470   1.5799434858422130        11.709000000000000        2.4294322276330500       0.61333878830817046       0.20051209342957044       -1.1461070915025722     
         475   1.5946802102326052        11.699999999999999        2.4286946909424594       0.61362424431860940       0.20358401758836631       -1.1495025452080725     
         480   1.6094181933873855        11.692000000000000        2.4282337900482935       0.61392757448828339       0.20667501425202869       -1.1529561959954904     
         485   1.6241574175322546        11.683999999999999        2.4277300199778429       0.61422047405049651       0.20978123218074082       -1.1563641973180661     
         490   1.6388978653062904        11.676000000000000        2.4271847089746554       0.61450325784363258       0.21290259482380522       -1.1597274346206106     
         495   1.6536395197486318        11.667999999999999        2.4265991368068400       0.61477622928833386       0.21603902672761699       -1.1630467697038678     
         500   1.6683823642857074        11.660000000000000        2.4259745368189276       0.61503968086852578       0.21919045354640529       -1.1663230414916590     
