           5  0.25900529222271607        5.3250000000000002       0.14142528604511218        7.8509624872451639E-002
          10  0.27471307911279419        7.0270000000000001       0.33268853859187997       0.13995336156510482     
          15  0.29039590813111710        8.0850000000000009       0.51795187285343525       0.18937595331418905     
          20  0.30605628197356627        8.8170000000000002       0.68577355956724317       0.22991925542675948     
          25  0.32169630905169977        9.3520000000000003       0.83445853034352357       0.26376411463700078     
          30  0.33731778556095782        9.7579999999999991       0.96555380709437710       0.29250353251757638     
          35  0.35292225677561617        10.071999999999999        1.0805505005259681       0.31713545679530392     
          40  0.36851106366409980        10.320000000000000        1.1818375687978522       0.33852717937830529     
          45  0.38408537891041006        10.518000000000001        1.2711521315701637       0.35725623096893627     
          50  0.39964623514677799        10.678000000000001        1.3502831209787831       0.37380953145227158     
          55  0.41519454736426564        10.807000000000000        1.4202318427537055       0.38848078509930228     
          60  0.43073113090630150        10.913000000000000        1.4827850800550106       0.40165159951650464     
          65  0.44625671606588907        10.999000000000001        1.5384323090696723       0.41346679589354773     
          70  0.46177196003942783        11.070000000000000        1.5885060799070418       0.42418636948159066     
          75  0.47727745680027606        11.128000000000000        1.6334799061544412       0.43392245808640273     
          80  0.49277374531856483        11.175000000000001        1.6739056985974119       0.44279112196701065     
          85  0.50826131645404782        11.212999999999999        1.7103946465040913       0.45091009138184085     
          90  0.52374061877503808        11.244000000000000        1.7436016378474297       0.45839711949482748     
          95  0.53921206350131334        11.269000000000000        1.7738648675801896       0.46531880277150667     
         100  0.55467602872713961        11.288000000000000        1.8011901163700212       0.47169144872860652     
         105  0.57013286304867761        11.302000000000000        1.8259415643946921       0.47758097770023350     
         110  0.58558288869543140        11.313000000000001        1.8488435866817698       0.48310088442502541     
         115  0.60102640424626319        11.320000000000000        1.8695748833280175       0.48821586335988243     
         120  0.61646368699547260        11.324999999999999        1.8888685528344105       0.49303638916732712     
         125  0.63189499502257129        11.327000000000000        1.9064057040729325       0.49752610944357673     
         130  0.64732056900991930        11.326000000000001        1.9222186805922794       0.50169720874375967     
         135  0.66274063384481297        11.324000000000000        1.9370428808992439       0.50565560174445712     
         140  0.67815540003649433        11.320000000000000        1.9505582709426548       0.50936365201208544     
         145  0.69356506497358505        11.315000000000000        1.9631465244987820       0.51287745138380347     
         150  0.70896981404339265        11.308999999999999        1.9748364996065391       0.51620521757665572     
         155  0.72436982163121144        11.301000000000000        1.9853058284532155       0.51930916970576391     
         160  0.73976525201499044        11.292999999999999        1.9952814780816641       0.52228829321883063     
         165  0.75515626016846626        11.284000000000001        2.0044383001697561       0.52510368204309743     
         170  0.77054299248396585        11.273999999999999        2.0128005069737092       0.52776204174670094     
         175  0.78592558742449070        11.263999999999999        2.0207389166566263       0.53031390208236295     
         180  0.80130417611337013        11.253000000000000        2.0279266529660513       0.53272045504901977     
         185  0.81667888286864065        11.241000000000000        2.0343847971099307       0.53498746011179943     
         190  0.83204982568836361        11.228999999999999        2.0404790589496424       0.53716351715954791     
         195  0.84741711669227648        11.217000000000001        2.0462264653729454       0.53925282148768205     
         200  0.86278086252449582        11.205000000000000        2.0516430983121428       0.54125933706765439     
         205  0.87814116472138615        11.192000000000000        2.0564008793847881       0.54314467740594952     
         210  0.89349812004821816        11.180000000000000        2.0612015037780957       0.54499697989989571     
         215  0.90885182080778837        11.167000000000000        2.0653728132527718       0.54673564421386112     
         220  0.92420235512381121        11.154000000000000        2.0692709644338638       0.54840596792082064     
         225  0.93954980720155579        11.140000000000001        2.0725680547588947       0.54997007293280065     
         230  0.95489425756792823        11.127000000000001        2.0759566265585327       0.55151285026098806     
         235  0.97023578329294291        11.114000000000001        2.0791067227694469       0.55299580758598998     
         240  0.98557445819432232        11.101000000000001        2.0820287145549350       0.55442149647581107     
         245   1.0009103530267689        11.087000000000000        2.0843955766663247       0.55575265214159875     
         250   1.0162435356572896        11.074000000000000        2.0868911705341477       0.55707123143730630     
         255   1.0315740712278141        11.061000000000000        2.0891866885494084       0.55833943950399534     
         260   1.0469020223062098        11.047000000000001        2.0909561018163694       0.55952050861562630     
         265   1.0622274490266950        11.034000000000001        2.0928770897668505       0.56069436678743356     
         270   1.0775504092205441        11.021000000000001        2.0946220086281286       0.56182376863763683     
         275   1.0928709585378953        11.007999999999999        2.0961980859112952       0.56291049752999922     
         280   1.1081891505613883        10.994999999999999        2.0976121979728042       0.56395625085242895     
         285   1.1235050369122932        10.981999999999999        2.0988708898201893       0.56496264483930214     
         290   1.1388186673497311        10.968999999999999        2.0999803936524017       0.56593121908706567     
         295   1.1541300898635256        10.956000000000000        2.1009466462240192       0.56686344078465378     
         300   1.1694393507611780        10.944000000000001        2.1021034934842571       0.56779747665400904     
         305   1.1847464947494182        10.930999999999999        2.1027991938084836       0.56866088435069184     
         310   1.2000515650107357        10.919000000000000        2.1036945306552020       0.56952823607533432     
         315   1.2153546032752651        10.906000000000001        2.1041402925457469       0.57032794015103316     
         320   1.2306556498883678        10.894000000000000        2.1047938120331331       0.57113350173543631     
         325   1.2459547438742180        10.882000000000000        2.1053328942508269       0.57190975329649996     
         330   1.2612519229956793        10.869999999999999        2.1057618306115873       0.57265776480452135     
         335   1.2765472238107360        10.858000000000001        2.1060847226905959       0.57337855927681003     
         340   1.2918406817257142        10.846000000000000        2.1063054919918942       0.57407311517978410     
         345   1.3071323310455136        10.834000000000000        2.1064278891445545       0.57474236869143336     
         350   1.3224222050210594        10.823000000000000        2.1067764670655915       0.57542171716538093     
         355   1.3377103358941493        10.811000000000000        2.1067120451595023       0.57604280907361716     
         360   1.3529967549398787        10.800000000000001        2.1068791763458115       0.57667526492744858     
         365   1.3682814925067943        10.788000000000000        2.1066411212223795       0.57725149725782765     
         370   1.3835645780549310        10.776999999999999        2.1066394611315720       0.57784023801285245     
         375   1.3988460401918554        10.766000000000000        2.1065574989375517       0.57840813288796422     
         380   1.4141259067068586        10.755000000000001        2.1063980255627408       0.57895588502235040     
         385   1.4294042046033941        10.744999999999999        2.1064800703562594       0.57951727072856019     
         390   1.4446809601298876        10.734000000000000        2.1061728652804144       0.58002654674248189     
         395   1.4599561988090040        10.723000000000001        2.1057958655932794       0.58051762691258535     
         400   1.4752299454654749        10.712999999999999        2.1056659231778410       0.58102365293175917     
         405   1.4905022242525627        10.702999999999999        2.1054696084311582       0.58151229307139451     
         410   1.5057730586772522        10.692000000000000        2.1048958386989098       0.58195192352991765     
         415   1.5210424716242372        10.682000000000000        2.1045738893891253       0.58240762591986128     
         420   1.5363104853787695        10.672000000000001        2.1041919127000095       0.58284755512881181     
         425   1.5515771216484480        10.662000000000001        2.1037518644206581       0.58327220902431964     
         430   1.5668424015839901        10.653000000000000        2.1035665815471409       0.58371356261587948     
         435   1.5821063457990570        10.643000000000001        2.1030153952924286       0.58410891991347036     
         440   1.5973689743891795        10.632999999999999        2.1024115759003998       0.58449038834099254     
         445   1.6126303069498316        10.624000000000001        2.1020660812801681       0.58488940052901661     
         450   1.6278903625937038        10.615000000000000        2.1016701539495570       0.58527504477969250     
         455   1.6431491599672134        10.605000000000000        2.1009171597189842       0.58561703846452573     
         460   1.6584067172662975        10.596000000000000        2.1004255538422152       0.58597729983712021     
         465   1.6736630522515237        10.587000000000000        2.0998880549394179       0.58632535959242837     
         470   1.6889181822625519        10.577999999999999        2.0993060698574797       0.58666157973661837     
         475   1.7041721242319900        10.569000000000001        2.0986809550473202       0.58698630941352126     
         480   1.7194248946986608        10.561000000000000        2.0983196343820532       0.58732981850259702     
         485   1.7346765098203238        10.552000000000000        2.0976116367387538       0.58763242220171641     
         490   1.7499269853858685        10.544000000000000        2.0971689284885682       0.58795415784160121     
         495   1.7651763368270130        10.535000000000000        2.0963829409322168       0.58823589958388256     
         500   1.7804245792295283        10.526999999999999        2.0958635884907224       0.58853709103711516     
