           5  0.22196847204935014        6.2340000000000000       0.19402076643356655        9.2001914843616486E-002   9.9999999999999988E-019  -7.3689562425469896E-002
          10  0.23618435793557241        8.1699999999999999       0.44759159011380623       0.16194789592970252        9.9999999999999988E-019 -0.13712205676565783     
          15  0.25043067218339909        9.3460000000000001       0.68566413787037861       0.21687081279212275        1.5480048596775610E-002 -0.19255569360261610     
          20  0.26470418015259795        10.144000000000000       0.89589609482779919       0.26107413727504797        2.1457015555019388E-002 -0.24167154379563327     
          25  0.27900217921406728        10.715999999999999        1.0779317149849128       0.29735414281205913        2.7842691932835950E-002 -0.28563229928764766     
          30  0.29332238415903633        11.141999999999999        1.2352139670466982       0.32771361763036871        3.4632957964788359E-002 -0.32526791803480726     
          35  0.30766284244817893        11.465999999999999        1.3709059512053201       0.35343631691167510        4.1833435151402289E-002 -0.36135576163404792     
          40  0.32202187033351548        11.717000000000001        1.4884419378966935       0.37551813617546881        4.9442655423524058E-002 -0.39441346964545526     
          45  0.33639800390320246        11.914000000000000        1.5907063573686435       0.39468249919074305        5.7461203563639165E-002 -0.42488149258510821     
          50  0.35078996100340792        12.069000000000001        1.6797330739657219       0.41141908580853603        6.5884057811202920E-002 -0.45303632258749266     
          55  0.36519661122585234        12.193000000000000        1.7580711407531149       0.42622735564682718        7.4714027950510423E-002 -0.47920790903996596     
          60  0.37961695196915551        12.291000000000000        1.8267329870271025       0.43934258519454411        8.3957269303307297E-002 -0.50372217513369688     
          65  0.39405008913801642        12.369000000000000        1.8873827245989110       0.45106677076713764        9.3602663079310797E-002 -0.52662080230575004     
          70  0.40849522142861044        12.432000000000000        1.9415508851357848       0.46166103867260011       0.10365586725703294      -0.54815383249579863     
          75  0.42295162741900827        12.481000000000000        1.9894560010341875       0.47119470781645184       0.11411678164203706      -0.56846392894024578     
          80  0.43741865487670251        12.519000000000000        2.0321134939427155       0.47983703942860551       0.12498929878258058      -0.58772729462535289     
          85  0.45189571183549210        12.548999999999999        2.0706012594497061       0.48775620511815998       0.13626181368070461      -0.60589441446933801     
          90  0.46638225909696740        12.571000000000000        2.1049296329583669       0.49497493156848332       0.14794338561547771      -0.62318116710974469     
          95  0.48087780388844553        12.587000000000000        2.1358647878844010       0.50161090830582189       0.16003265597462621      -0.63965056273238807     
         100  0.49538189446683628        12.598000000000001        2.1638182667263783       0.50773210690690418       0.17252964665294587      -0.65537439350182680     
         105  0.50989411550171926        12.603999999999999        2.1888373350988388       0.51335824542623765       0.18543561190371777      -0.67043191501921362     
         110  0.52441408410453583        12.606999999999999        2.2117162222027043       0.51860070052731488       0.19874578842865348      -0.68481821956420963     
         115  0.53894144639683517        12.606999999999999        2.2325073918230984       0.52347579029772862       0.21245585876109871      -0.69853004677004993     
         120  0.55347587453084790        12.603999999999999        2.2512628660123912       0.52799919681431129       0.22657667078238017      -0.71175006094697679     
         125  0.56801706409167163        12.599000000000000        2.2684051860701220       0.53223080088993058       0.24110540818199558      -0.72448244055193312     
         130  0.58256473182304558        12.592000000000001        2.2839831570350335       0.53618372863185648       0.25603951504159972      -0.73673178013096041     
         135  0.59711861362882801        12.584000000000000        2.2984143553110363       0.53991459117737373       0.27138441191476881      -0.74859746540717598     
         140  0.61167846281044169        12.574000000000000        2.3113721660545834       0.54339028755923346       0.28713046483742694      -0.75999154466582075     
         145  0.62624404850713888        12.563000000000001        2.3232689968242424       0.54666539837516692       0.30327573635622285      -0.77091932980962008     
         150  0.64081515431130343        12.550000000000001        2.3337755863132728       0.54970642759450261       0.31983458462765435      -0.78157877185976099     
         155  0.65539157703538997        12.537000000000001        2.3436669339483567       0.55260869679918545       0.33679782700252259      -0.79188184901346603     
         160  0.66997312561070510        12.523999999999999        2.3529760073238646       0.55537955532177363       0.35417251010255152      -0.80193274644196588     
         165  0.68455962010122129        12.510000000000000        2.3613673284675363       0.55798392689845500       0.37194110477885356      -0.81154429020236296     
         170  0.69915089081808313        12.494999999999999        2.3688725687884529       0.56042937005052629       0.39012764290462798      -0.82101614499156905     
         175  0.71374677752253068        12.480000000000000        2.3758858872610156       0.56276417261098610       0.40871466587767502      -0.83016024971377722     
         180  0.72834712870669682        12.464000000000000        2.3820693160054689       0.56495310921942121       0.42770131066337347      -0.83898287220602896     
         185  0.74295180094318380        12.449000000000000        2.3881749203263611       0.56708363544089868       0.44709547549612594      -0.84866471559496204     
         190  0.75756065829555663        12.433000000000000        2.3934991081677639       0.56907929511598343       0.46689666898216836      -0.85710041898951850     
         195  0.77217357178292778        12.417000000000000        2.3984266425741718       0.57098566783018800       0.48710444343799097      -0.86533427043513345     
         200  0.78679041889269419        12.401000000000000        2.4029774751973587       0.57280716393791076       0.50771839085075043      -0.87337268778485022     
         205  0.80141108313624410        12.384000000000000        2.4068114832812508       0.57450866080754381       0.52873813920520019      -0.88112118279808971     
         210  0.81603545364309238        12.368000000000000        2.4106650559839666       0.57617292249092855       0.55016334915204490      -0.88878673747964487     
         215  0.83066342478946609        12.352000000000000        2.4141949365660258       0.57776402988256270       0.57198458100837590      -0.89627465485443603     
         220  0.84529489585783169        12.336000000000000        2.4174169339595082       0.57928548662891965       0.59421974683281686      -0.90359044604500260     
         225  0.85992977072427823        12.320000000000000        2.4203457657702012       0.58074055272314506       0.61685952505151520      -0.91073936325965188     
         230  0.87456795757101835        12.303000000000001        2.4226411659598863       0.58209452854302779       0.63990367929083469      -0.91762466004406185     
         235  0.88920936862159039        12.287000000000001        2.4250256433534232       0.58342619668560025       0.66335199330382311      -0.92445464305732683     
         240  0.90385391989660679        12.271000000000001        2.4271564891557706       0.58470023785193903       0.68720426912336197      -0.93113239025914574     
         245  0.91850153098813836        12.256000000000000        2.4293969095717030       0.58595622303052963       0.71146032536861625      -0.93776476639323625     
         250  0.93315212485102450        12.240000000000000        2.4310541812803259       0.58712242556603256       0.73611999573959774      -0.94415156039566606     
         255  0.94780562760958542        12.224000000000000        2.4324912446982472       0.58823842900616574       0.76119273864446824      -0.95039915198971803     
         260  0.96246196837837084        12.209000000000000        2.4340666887890707       0.58934259047114024       0.78665924706340629      -0.95661433614509639     
         265  0.97712107909571944        12.194000000000001        2.4354395208944055       0.59040035113399458       0.81253866432218924      -0.96269847851991086     
         270  0.99178289436902844        12.178000000000001        2.4362715637543615       0.59137801468428097       0.83882125873694668      -0.96855220065374392     
         275   1.0064473513307453        12.163000000000000        2.4372662419581137       0.59234907557315875       0.86550691931646884      -0.97438508854016559     
         280   1.0211143895041819        12.148999999999999        2.4384290279466452       0.59331460110193257       0.89259554386119744      -0.98020093795450247     
         285   1.0357839506783535        12.134000000000000        2.4390760105090536       0.59420567148224412       0.92008703817388549      -0.98579657704867962     
         290   1.0504559787911052        12.119000000000000        2.4395606874361588       0.59505935795963716       0.94799127376592873      -0.99127840657700594     
         295   1.0651304198198683        12.105000000000000        2.4402326746638314       0.59591167317281168       0.97628830112454268      -0.99675306772559868     
         300   1.0798072216794492        12.090999999999999        2.4407541487782924       0.59672916386980324        1.0049980060514505       -1.0021201524863033     
         305   1.0944863341262987        12.077000000000000        2.4411312777607308       0.59751321867239815        1.0341103605177933       -1.0073824973895276     
         310   1.1091677086687779        12.063000000000001        2.4413699909411606       0.59826517416657476        1.0636253001364562       -1.0125428574654443     
         315   1.1238512984829565        12.050000000000001        2.4418157354221499       0.59901995436415201        1.0935529398331278       -1.0177078216207858     
         320   1.1385370583335406        12.036000000000000        2.4417935078099937       0.59971126151540599        1.1238729176954014       -1.0226721684194884     
         325   1.1532249444995508        12.023000000000000        2.4419872974739794       0.60040735260587152        1.1546055698690614       -1.0276462962710067     
         330   1.1679149147044077        12.010000000000000        2.4420621990101687       0.60107568817143919        1.1857406736790668       -1.0325286610897551     
         335   1.1826069280501057        11.997000000000000        2.4420228832545448       0.60171732888361074        1.2172781844485383       -1.0373215680118013     
         340   1.1973009449551950        11.984000000000000        2.4418738046676514       0.60233328664326824        1.2492180606188921       -1.0420272453221999     
         345   1.2119969270962967        11.972000000000000        2.4419545642716951       0.60295696947706734        1.2815602634630481       -1.0467521078954327     
         350   1.2266948373529150        11.959000000000000        2.4415978797492435       0.60352424553723094        1.3143151998368154       -1.0512897841510709     
         355   1.2413946397553199        11.946999999999999        2.4414775876761521       0.60410068301580155        1.3474724654468362       -1.0558508318601834     
         360   1.2560962994352958        11.935000000000000        2.4412620604069182       0.60465469168138919        1.3810320288446263       -1.0603329328715840     
         365   1.2707997825795612        11.923000000000000        2.4409548564028483       0.60518708606399807        1.4149938606366432       -1.0647379671094477     
         370   1.2855050563856913        11.911000000000000        2.4405593774208323       0.60569864508515547        1.4493579333124114       -1.0690677545094014     
         375   1.3002120890203783        11.900000000000000        2.4404102143245940       0.60622148103441797        1.4841242210750987       -1.0734285532656229     
         380   1.3149208495798743        11.888000000000000        2.4398472283358958       0.60669342155981099        1.5193033446000059       -1.0776131287624049     
         385   1.3296313080524917        11.877000000000001        2.4395353946286402       0.60717770410683314        1.5548847014247171       -1.0818321335921373     
         390   1.3443434352830186        11.866000000000000        2.4391462495780014       0.60764362461834565        1.5908682704843231       -1.0859826685617915     
         395   1.3590572029389392        11.855000000000000        2.4386825459278989       0.60809181838496951        1.6272540319750544       -1.0900662813929887     
         400   1.3737725834783450        11.843999999999999        2.4381469209435149       0.60852289423573969        1.6640419672196143       -1.0940844725418004     
         405   1.3884895501194392        11.834000000000000        2.4378695829875965       0.60896783230776230        1.7012320585850829       -1.0981433467841475     
         410   1.4032080768115294        11.824000000000000        2.4375241843248863       0.60939650737298612        1.7388351154822448       -1.1021397236022943     
         415   1.4179281382074329        11.813000000000001        2.4367864605408305       0.60977935633143443        1.7768403547831266       -1.1059702635188562     
         420   1.4326497096372024        11.803000000000001        2.4363123090613708       0.61017723536461843        1.8152477620548129       -1.1098456465120226     
         425   1.4473727670830980        11.792999999999999        2.4357767802172172       0.61056040410248535        1.8540573236269691       -1.1136624900007006     
         430   1.4620972871557383        11.782999999999999        2.4351819471898151       0.61092934520403397        1.8932690265123806       -1.1174220421773544     
         435   1.4768232470713551        11.773999999999999        2.4348541607684857       0.61131404053793958        1.9328828583531714       -1.1212302598796713     
         440   1.4915506246300998        11.763999999999999        2.4341461483543125       0.61165577826389617        1.9729097957784016       -1.1248788622035419     
         445   1.5062793981953342        11.755000000000001        2.4337078343275920       0.61201385677243181        2.0133278792164737       -1.1285784525331750     
         450   1.5210095466738565        11.746000000000000        2.4332167725963538       0.61235920918208464        2.0541590994106653       -1.1322254331595003     
         455   1.5357410494970112        11.737000000000000        2.4326746154176990       0.61269222235416831        2.0953924582770522       -1.1358208621547812     
         460   1.5504738866026322        11.728000000000000        2.4320830136313960       0.61301328398025479        2.1370279465579451       -1.1393657867128002     
         465   1.5652080384177773        11.718999999999999        2.4314435552605302       0.61332276709759970        2.1790655553896690       -1.1428612248779841     
         470   1.5799434858422130        11.710000000000001        2.4307577682860821       0.61362103073324337        2.2215052761988567       -1.1463081665270740     
         475   1.5946802102326052        11.702000000000000        2.4303475909669419       0.61393691291809971        2.2643582637739876       -1.1498124048097869     
         480   1.6094181933873855        11.693000000000000        2.4295730373703273       0.61421364204605233        2.3076022100712530       -1.1531652213425692     
         485   1.6241574175322546        11.685000000000000        2.4290759632730272       0.61450840634422876        2.3512594554379067       -1.1565771912505651     
         490   1.6388978653062904        11.677000000000000        2.4285372315367031       0.61479302875009501        2.3953188301490185       -1.1599443695851908     
         495   1.6536395197486318        11.669000000000000        2.4279581241884700       0.61506781317683012        2.4397803276818317       -1.1632676182643444     
         500   1.6683823642857074        11.661000000000000        2.4273398767894387       0.61533305259243110        2.4846439417354600       -1.1665477763421102     
