           5  0.25900529222271673        5.1189999999999998       0.12559678502049540        7.2528524375749345E-002   9.9999999999999988E-019  -5.7375629995097287E-002
          10  0.27471307911279430        6.7649999999999997       0.29675055203344303       0.12966990215850110        1.0179639048397908E-002 -0.10739613181606666     
          15  0.29039590813111721        7.7930000000000001       0.46368661173608933       0.17588764285740538        1.5881299733697896E-002 -0.15163678162100827     
          20  0.30605628197356638        8.5069999999999997       0.61576740781639994       0.21397139297764950        2.1986511209428124E-002 -0.19112686457615746     
          25  0.32169630905169988        9.0320000000000000       0.75146156660236474       0.24594516723805196        2.8501117725865985E-002 -0.22676372800964642     
          30  0.33731778556095793        9.4299999999999997       0.87120897206179870       0.27310276374205528        3.5418321910909691E-002 -0.25910055176680169     
          35  0.35292225677561628        9.7400000000000002       0.97696605314173623       0.29650769256067327        4.2739659838479917E-002 -0.28865322440678609     
          40  0.36851106366409991        9.9849999999999994        1.0702745063772676       0.31685645582765959        5.0470942810303135E-002 -0.31588282672725732     
          45  0.38408537891041017        10.180999999999999        1.1527537259991001       0.33470449568635591        5.8607312046362783E-002 -0.34105292341249921     
          50  0.39964623514677816        10.339000000000000        1.2257845554888629       0.35047016924912855        6.7147300849416086E-002 -0.36440944633666794     
          55  0.41519454736426575        10.468000000000000        1.2908826413316572       0.36453438135025584        7.6096155414463518E-002 -0.38622597927227897     
          60  0.43073113090630166        10.573000000000000        1.3488248450137004       0.37711410231002307        8.5447765781135498E-002 -0.40661787698263080     
          65  0.44625671606588918        10.659000000000001        1.4006598174686264       0.38844689651220282        9.5204817800902383E-002 -0.42576730730479045     
          70  0.46177196003942800        10.728999999999999        1.4470085881406947       0.39868262766222423       0.10536376676037090      -0.44376820726378230     
          75  0.47727745680027622        10.787000000000001        1.4889321568112086       0.40802773017944682       0.11593341766035392      -0.46082292242496758     
          80  0.49277374531856499        10.834000000000000        1.5266285504958843       0.41654315048985796       0.12690550931861891      -0.47694330113191558     
          85  0.50826131645404793        10.872000000000000        1.5606646002919828       0.42434157545144618       0.13828175963771322      -0.49223130425578338     
          90  0.52374061877503830        10.903000000000000        1.5916496639819082       0.43153588741220938       0.15005881993354120      -0.50672788842097938     
          95  0.53921206350131357        10.927000000000000        1.6195695252753399       0.43814120842210125       0.16224324352915595      -0.52056235286695951     
         100  0.55467602872713984        10.946000000000000        1.6450784311716602       0.44426961661116071       0.17483562385869375      -0.53379658689883680     
         105  0.57013286304867783        10.960000000000001        1.6681893841545830       0.44993548665736849       0.18782944570204571      -0.54641846922041348     
         110  0.58558288869543162        10.970000000000001        1.6892505850827844       0.45520067669084696       0.20122742388579148      -0.55849951692606747     
         115  0.60102640424626341        10.977000000000000        1.7086163598960220       0.46012554487379365       0.21503344710838304      -0.57011635440409836     
         120  0.61646368699547283        10.980000000000000        1.7259838287679332       0.46467555980192787       0.22924346115008606      -0.58126693911790450     
         125  0.63189499502257152        10.981999999999999        1.7423723564273539       0.46900230955436073       0.24385375158389971      -0.59195013420704623     
         130  0.64732056900991952        10.981000000000000        1.7571506075127619       0.47302331136538450       0.25887021835025031      -0.60224987243169970     
         135  0.66274063384481330        10.978000000000000        1.7706780033930047       0.47679513380214755       0.27429016379922860      -0.61216826069290953     
         140  0.67815540003649455        10.973000000000001        1.7829832588445920       0.48032737053577207       0.29011111069256718      -0.62170776477393974     
         145  0.69356506497358528        10.967000000000001        1.7944241366292586       0.48367396094522980       0.30634050895767223      -0.63095704386502649     
         150  0.70896981404339288        10.960000000000001        1.8050269093741493       0.48684260229271792       0.32296679445613174      -0.63983417139413945     
         155  0.72436982163121177        10.951000000000001        1.8144884333681495       0.48979672136505820       0.34000799088664430      -0.64851585877825646     
         160  0.73976525201499066        10.942000000000000        1.8234905379869872       0.49263158399560253       0.35744282136356142      -0.65683347737931930     
         165  0.75515626016846660        10.930999999999999        1.8314002511732466       0.49526635234534394       0.37529005275564215      -0.66496544828674553     
         170  0.77054299248396618        10.920000000000000        1.8388952611315617       0.49779416749537370       0.39353847591670810      -0.67282939054990021     
         175  0.78592558742449092        10.909000000000001        1.8459950559152167       0.50021998670039181       0.41218696115623799      -0.68042966911972114     
         180  0.80130417611337046        10.896000000000001        1.8520675736943477       0.50246426697031188       0.43124502083910587      -0.68785912221215106     
         185  0.81667888286864099        10.884000000000000        1.8581081771503027       0.50465886896082146       0.45070134166143450      -0.69503404826285975     
         190  0.83204982568836394        10.869999999999999        1.8631600138360693       0.50668268057961896       0.47056578215526051      -0.70204764265887010     
         195  0.84741711669227682        10.856999999999999        1.8682121583863185       0.50866494023227737       0.49082694025042722      -0.70881540935819098     
         200  0.86278086252449615        10.843000000000000        1.8726329001209427       0.51052691139214379       0.51149498645915470      -0.71543081976888534     
         205  0.87814116472138648        10.829000000000001        1.8767599953228764       0.51231353801588986       0.53256947064862414      -0.72189837926176847     
         210  0.89349812004821849        10.815000000000000        1.8806067381905711       0.51402816122022121       0.55404997764664021      -0.72822242928008352     
         215  0.90885182080778870        10.800000000000001        1.8838661267966599       0.51563421858985514       0.57592489929295121      -0.73431707716255756     
         220  0.92420235512381155        10.785000000000000        1.8868714055907452       0.51717509413830887       0.59820493887446846      -0.74027611316443176     
         225  0.93954980720155634        10.770000000000000        1.8896339459656015       0.51865363665926323       0.62090117533133093      -0.74619385165081398     
         230  0.95489425756792856        10.756000000000000        1.8924812643163096       0.52011124520396379       0.64399060531701524      -0.75291866975436461     
         235  0.97023578329294324        10.741000000000000        1.8947888952545933       0.52147268257515333       0.66748427092379481      -0.75852277412543911     
         240  0.98557445819432266        10.726000000000001        1.8968842161988129       0.52277941538317219       0.69137029026126606      -0.76400647260458865     
         245   1.0009103530267693        10.710000000000001        1.8984622473551072       0.52399596525212400       0.71567162414973373      -0.76928208308508794     
         250   1.0162435356572901        10.695000000000000        1.9001610188663733       0.52520041924688310       0.74037650368122654      -0.77453495253028493     
         255   1.0315740712278145        10.680000000000000        1.9016736557891671       0.52635673708211250       0.76548473228163227      -0.77967724570382479     
         260   1.0469020223062102        10.664999999999999        1.9030080111128735       0.52746689230665611       0.79099612824340060      -0.78471200307636702     
         265   1.0622274490266952        10.650000000000000        1.9041715520959341       0.52853276252225245       0.81691052361111460      -0.78964215876285127     
         270   1.0775504092205443        10.635000000000000        1.9051713822609371       0.52955613482059227       0.84322776303930325      -0.79447054479182999     
         275   1.0928709585378957        10.619999999999999        1.9060142051141855       0.53053869504547224       0.86993558096163592      -0.79919988092686478     
         280   1.1081891505613886        10.605000000000000        1.9067065707941064       0.53148209582840056       0.89705802484637398      -0.80383283555385554     
         285   1.1235050369122934        10.590000000000000        1.9072545529859544       0.53238786616788991       0.92458291404443704      -0.80837194405870494     
         290   1.1388186673497314        10.574999999999999        1.9076640500144810       0.53325749471835049       0.95252244262104069      -0.81281968370096758     
         295   1.1541300898635258        10.560000000000000        1.9079405165255605       0.53409235439283109       0.98085194845884283      -0.81717840504907890     
         300   1.1694393507611782        10.545999999999999        1.9083939750219383       0.53492847712051739        1.0095835807234155      -0.82154222150606215     
         305   1.1847464947494186        10.531000000000001        1.9084193319981506       0.53569752889910105        1.0387172485253631      -0.82572978485561876     
         310   1.2000515650107362        10.516999999999999        1.9086299584065043       0.53646983971631712        1.0682654051622860      -0.82992687217736649     
         315   1.2153546032752653        10.502000000000001        1.9084235767722353       0.53717798749828460        1.0982029541969729      -0.83395185756814616     
         320   1.2306556498883683        10.488000000000000        1.9084098310651150       0.53789117003869269        1.1285549477624632      -0.83799048143340404     
         325   1.2459547438742185        10.473000000000001        1.9079893756569484       0.53854289063736405        1.1592960844419140      -0.84186091431643550     
         330   1.2612519229956800        10.459000000000000        1.9077681592014117       0.53920123924001462        1.1904516400329521      -0.84574882394521400     
         335   1.2765472238107365        10.445000000000000        1.9074486816097802       0.53983354346478030        1.2220089098208089      -0.84956412776538648     
         340   1.2918406817257146        10.430999999999999        1.9070346412243973       0.54044074653028562        1.2539678383105233      -0.85330857881574584     
         345   1.3071323310455143        10.417000000000000        1.9065295772631019       0.54102375157032001        1.2863283739147453      -0.85698387469837844     
         350   1.3224222050210599        10.403000000000000        1.9059368777617223       0.54158342362102108        1.3190904686344411      -0.86059165963929773     
         355   1.3377103358941500        10.390000000000001        1.9055554862592134       0.54215254418129977        1.3522540777935588      -0.86422539140774357     
         360   1.3529967549398791        10.375999999999999        1.9047963920962920       0.54266779055185488        1.3858321902190183      -0.86770288644840132     
         365   1.3682814925067950        10.362000000000000        1.9039589426271923       0.54316207598211519        1.4197987532778806      -0.87111748529077371     
         370   1.3835645780549315        10.349000000000000        1.9033394423638874       0.54366742120840927        1.4541667140311680      -0.87456246906785085     
         375   1.3988460401918563        10.336000000000000        1.9026457799054250       0.54415282738331361        1.4889492030345350      -0.87794740026499896     
         380   1.4141259067068592        10.321999999999999        1.9015886485473092       0.54458812868189177        1.5241331109464284      -0.88118185616303180     
         385   1.4294042046033946        10.308999999999999        1.9007551148840742       0.54503585956260936        1.5597184081628603      -0.88445071332531033     
         390   1.4446809601298880        10.295999999999999        1.8998549731679650       0.54546559730064992        1.5957050670971604      -0.88766345818883274     
         395   1.4599561988090046        10.284000000000001        1.8991802553593675       0.54590813626618451        1.6320930620043432      -0.89091300997476386     
         400   1.4752299454654754        10.271000000000001        1.8981530996295544       0.54630346840496880        1.6688823688423700      -0.89401718383540518     
         405   1.4905022242525632        10.257999999999999        1.8970660844068741       0.54668255268698085        1.7060729651515385      -0.89706885781161938     
         410   1.5057730586772529        10.244999999999999        1.8959212831076766       0.54704592552098830        1.7436648299066131      -0.90006916696804495     
         415   1.5210424716242377        10.233000000000001        1.8950075952130421       0.54742349037617444        1.7816714176200643      -0.90311076868332285     
         420   1.5363104853787699        10.221000000000000        1.8940385871886158       0.54778594233671729        1.8200658014754418      -0.90610308567194053     
         425   1.5515771216484486        10.208000000000000        1.8927307583945217       0.54810482725520038        1.8588749452471653      -0.90895573279254283     
         430   1.5668424015839906        10.196000000000000        1.8916574698204276       0.54843873627887607        1.8980853589146476      -0.91185265526927328     
         435   1.5821063457990574        10.183999999999999        1.8905342867929518       0.54875894951212434        1.9376970277176051      -0.91470333652914881     
         440   1.5973689743891801        10.172000000000001        1.8893628691006694       0.54906590083334261        1.9777099378470253      -0.91750872994533395     
         445   1.6126303069498322        10.160000000000000        1.8881448150215647       0.54936000827410159        2.0181240763715187      -0.92026976256244453     
         450   1.6278903625937045        10.148000000000000        1.8868816639601631       0.54964167469363800        2.0589394311692910      -0.92298733596623039     
         455   1.6431491599672141        10.137000000000000        1.8858563807473376       0.54993912407198242        2.1001559908633998      -0.92575350975282689     
         460   1.6584067172662984        10.125000000000000        1.8845068410141339       0.55019689481983758        2.1417875159079487      -0.92838674088938189     
         465   1.6736630522515241        10.114000000000001        1.8833966469810650       0.55047080712127261        2.1838064880042443      -0.93107013905269786     
         470   1.6889181822625525        10.102000000000000        1.8819661990688576       0.55070612075950043        2.2262404664929063      -0.93362233321097277     
         475   1.7041721242319907        10.090999999999999        1.8807764538995464       0.55095790862759897        2.2690618140680976      -0.93622618689711756     
         480   1.7194248946986614        10.080000000000000        1.8795485695324490       0.55119906127784069        2.3122982122676983      -0.93879141471231287     
         485   1.7346765098203245        10.069000000000001        1.8782836999512942       0.55142988264311465        2.3559358224339153      -0.94131874656606951     
         490   1.7499269853858694        10.058000000000000        1.8769830110417256       0.55165068148391017        2.3999746378078539      -0.94380890840616838     
         495   1.7651763368270137        10.047000000000001        1.8756476282975620       0.55186175602863696        2.4444146520994781      -0.94626260740917112     
         500   1.7804245792295290        10.036000000000000        1.8742786384359034       0.55206339439163143        2.4892558593304841      -0.94868053256451312     
