           5  0.40351106366410155        3.2949999999999999        5.2937204705761465E-002   4.7492062944031507E-002   9.9999999999999988E-019  -3.6865586421421917E-002
          10  0.41908537891041042        4.4560000000000004       0.13291550554801673        8.8175090453961741E-002   1.5854784019462626E-002  -7.0614214655770391E-002
          15  0.43464623514677847        5.2329999999999997       0.21841407833190904       0.12338016369290999        2.4386462871608318E-002 -0.10166011330410131     
          20  0.45019454736426606        5.8090000000000002       0.30295245469756527       0.15416597994837411        3.3325212810229196E-002 -0.13038955487768311     
          25  0.46573113090630186        6.2580000000000000       0.38387118191062375       0.18132822052835523        4.2673937922197681E-002 -0.15710823480859493     
          30  0.48125671606588954        6.6180000000000003       0.45990032920804019       0.20542457927828003        5.2422575779466726E-002 -0.18201019754505174     
          35  0.49677196003942836        6.9130000000000003       0.53075336089634462       0.22695598746009862        6.2574660509282024E-002 -0.20531587054388251     
          40  0.51227745680027659        7.1589999999999998       0.59657883108677223       0.24633772427780837        7.3136973081563403E-002 -0.22722835608869740     
          45  0.52777374531856525        7.3670000000000000       0.65767722926653860       0.26389890260677112        8.4114433185011106E-002 -0.24791550917624930     
          50  0.54326131645404840        7.5430000000000001       0.71393910620115142       0.27979020858591652        9.5482268931658815E-002 -0.26739018122910035     
          55  0.55874061877503867        7.6940000000000000       0.76597971715737967       0.29429340946139859       0.10725712930885080      -0.28583726575985846     
          60  0.57421206350131393        7.8239999999999998       0.81403113709178843       0.30755842198090599       0.11943244612216412      -0.30332212846654311     
          65  0.58967602872714020        7.9370000000000003       0.85856709176052526       0.31976675264911109       0.13201729238576157      -0.31996759753605220     
          70  0.60513286304867808        8.0359999999999996       0.89997743201746838       0.33106032694761545       0.14501718300809974      -0.33586958845255455     
          75  0.62058288869543210        8.1219999999999999       0.93821170577270252       0.34147059445235672       0.15841096694808002      -0.35100087267518615     
          80  0.63602640424626378        8.1969999999999992       0.97358116906691150       0.35110149497980603       0.17220156240285842      -0.36543224869912500     
          85  0.65146368699547319        8.2629999999999999        1.0064750216168810       0.36006482506669746       0.18639882007874370      -0.37925681514146964     
          90  0.66689499502257199        8.3219999999999992        1.0373462843170334       0.36847794008801660       0.20101901154660590      -0.39258744196895795     
          95  0.68232056900992000        8.3729999999999993        1.0657806902439306       0.37627226250003903       0.21602115706956657      -0.40529437262230528     
         100  0.69774063384481366        8.4190000000000005        1.0926044474568934       0.38363471813946265       0.23144964006051583      -0.41759805982904957     
         105  0.71315540003649514        8.4589999999999996        1.1174448505967189       0.39050133428628631       0.24726781629834477      -0.42938127882804283     
         110  0.72856506497358575        8.4939999999999998        1.1405578792887814       0.39693602931699840       0.26348310297482974      -0.44070554452724070     
         115  0.74396981404339335        8.5250000000000004        1.1622186567098172       0.40300357954644839       0.28010577042138624      -0.45163996956545760     
         120  0.75936982163121225        8.5530000000000008        1.1827177843881458       0.40876914234598244       0.29714874249121426      -0.46226042503420817     
         125  0.77476525201499125        8.5770000000000000        1.2017153303601695       0.41417286291179178       0.31457921086308721      -0.47245966960055985     
         130  0.79015626016846707        8.5980000000000008        1.2195145012945523       0.41928080128102974       0.33241214225702043      -0.48231849024855683     
         135  0.80554299248396677        8.6170000000000009        1.2364284260879386       0.42415865842496259       0.35066480030988251      -0.49192307569172444     
         140  0.82092558742449162        8.6329999999999991        1.2521265663898724       0.42874783270484673       0.36930574785721237      -0.50116918746666161     
         145  0.83630417611337104        8.6470000000000002        1.2669292059012063       0.43311411499183627       0.38835388751381156      -0.51014656905648603     
         150  0.85167888286864157        8.6600000000000001        1.2811626456425989       0.43732250204595208       0.40783011846611755      -0.51894927582080397     
         155  0.86704982568836453        8.6699999999999999        1.2941722161745222       0.44125376400554789       0.42767731640702900      -0.52737453516702071     
         160  0.88241711669227751        8.6790000000000003        1.3066148971278910       0.44503417813427010       0.44794355576842176      -0.53561755379904175     
         165  0.89778086252449674        8.6859999999999999        1.3181647768217382       0.44860625634852858       0.46859806000525456      -0.54357496446587927     
         170  0.91314116472138718        8.6920000000000002        1.3291547483308783       0.45203418346435814       0.48966428143142221      -0.55134568576291765     
         175  0.92849812004821908        8.6969999999999992        1.3395894957944761       0.45532103239975341       0.51113921623394531      -0.55892861394313798     
         180  0.94385182080778940        8.7010000000000005        1.3494739447299819       0.45846985302467314       0.53302002186355946      -0.56632282924133059     
         185  0.95920235512381224        8.7040000000000006        1.3588132302417339       0.46148366493414905       0.55530400858829509      -0.57352758417492800     
         190  0.97454980720155682        8.7059999999999995        1.3676126675174836       0.46436545096849813       0.57798863055067684      -0.58054229204989460     
         195  0.98989425756792926        8.7070000000000007        1.3758777245221137       0.46711815143180280       0.60107147650786918      -0.58736651570413789     
         200   1.0052357832929439        8.7080000000000002        1.3839453113623541       0.46980318514991626       0.62458000856149609      -0.59410601888922143     
         205   1.0205744581943235        8.7070000000000007        1.3911584593630684       0.47230604602752752       0.64845287458099088      -0.60054901246447168     
         210   1.0359103530267701        8.7059999999999995        1.3981854524664719       0.47474627399492597       0.67274780480559726      -0.60690802884385286     
         215   1.0512435356572907        8.7050000000000001        1.4050317632448626       0.47712570586261421       0.69746372959551339      -0.61318450918397427     
         220   1.0665740712278156        8.7029999999999994        1.4113717095302307       0.47938878849242522       0.72256870406448637      -0.61927191025885620     
         225   1.0819020223062110        8.6999999999999993        1.4172109386494061       0.48153814085839569       0.74806093354916137      -0.62517035632202600     
         230   1.0972274490266962        8.6969999999999992        1.4228856501507530       0.48363305717711702       0.77397019732934969      -0.63098884223902985     
         235   1.1125504092205454        8.6940000000000008        1.4284007432239312       0.48567514688586177       0.80029567737389751      -0.63672881595576336     
         240   1.1278709585378968        8.6899999999999995        1.4334309514578092       0.48760982736831338       0.82700458291617562      -0.64228216267657345     
         245   1.1431891505613896        8.6859999999999999        1.4383114310283562       0.48949533311963478       0.85412768542170836      -0.64775910378805468     
         250   1.1585050369122945        8.6820000000000004        1.4430466396619357       0.49133311395285145       0.88166430751081160      -0.65316104859006396     
         255   1.1738186673497326        8.6769999999999996        1.4473118884118414       0.49306932010338067       0.90958104244640803      -0.65837883671522202     
         260   1.1891300898635269        8.6720000000000006        1.4514410570429295       0.49476114191630277       0.93790957001445829      -0.66352374658469537     
         265   1.2044393507611793        8.6669999999999998        1.4554381942723973       0.49640988348145570       0.96664933247473261      -0.66859714181383378     
         270   1.2197464947494194        8.6609999999999996        1.4589794124543194       0.49796242543250224       0.99576632232227202      -0.67348893745338156     
         275   1.2350515650107370        8.6549999999999994        1.4623971279026446       0.49947493817039978        1.0252930619887757      -0.67831132239625258     
         280   1.2503546032752666        8.6500000000000004        1.4660219249102597       0.50100240019411513        1.0552630298027512      -0.68317755133810854     
         285   1.2656556498883693        8.6440000000000001        1.4692030639274978       0.50243804340577025        1.0856081384992065      -0.68786526693926586     
         290   1.2809547438742193        8.6370000000000005        1.4719453303302557       0.50378381293921615        1.1163273192723251      -0.69237499082147680     
         295   1.2962519229956806        8.6310000000000002        1.4749044825788298       0.50514752269021135        1.1474887058662924      -0.69693256515738122     
         300   1.3115472238107377        8.6250000000000000        1.4777572487973789       0.50647666773782163        1.1790577707986802      -0.70142700173723749     
         305   1.3268406817257155        8.6180000000000003        1.4801821706472711       0.50771983175865998        1.2109991796826522      -0.70574641477213262     
         310   1.3421323310455153        8.6110000000000007        1.4825077576931265       0.50893091624929843        1.2433471832226048      -0.71000461915756563     
         315   1.3574222050210609        8.6039999999999992        1.4847368974351434       0.51011083497043130        1.2761014774523880      -0.71420276167452468     
         320   1.3727103358941508        8.5980000000000008        1.4871953685685761       0.51131205502923394        1.3092973518037661      -0.71845557764374823     
         325   1.3879967549398800        8.5909999999999993        1.4892393596609221       0.51243199163190079        1.3428635647335401      -0.72253710092509471     
         330   1.4032814925067960        8.5830000000000002        1.4908730463957132       0.51347227550089802        1.3767992867843655      -0.72644789472639637     
         335   1.4185645780549325        8.5760000000000005        1.4927433501017395       0.51453606560774245        1.4111759953247749      -0.73041674069452722     
         340   1.4338460401918574        8.5690000000000008        1.4945302353041139       0.51557281658613707        1.4459576869809114      -0.73433087668291963     
         345   1.4491259067068603        8.5619999999999994        1.4962360512308659       0.51658327320045339        1.4811441379186820      -0.73819130109331887     
         350   1.4644042046033958        8.5549999999999997        1.4978630692657626       0.51756815575450488        1.5167351354679488      -0.74199898973686040     
         355   1.4796809601298893        8.5470000000000006        1.4990942520701167       0.51847841829743413        1.5526936449542661      -0.74564025418496982     
         360   1.4949561988090059        8.5399999999999991        1.5005707371229027       0.51941447795557194        1.5890929790421882      -0.74934519270072519     
         365   1.5102299454654764        8.5329999999999995        1.5019748023512829       0.52032698510026587        1.6258962865312299      -0.75300019915546179     
         370   1.5255022242525642        8.5250000000000004        1.5029908536224561       0.52116758799085061        1.6630660697539430      -0.75649117988318149     
         375   1.5407730586772541        8.5180000000000007        1.5042565294669354       0.52203511626484744        1.7006766614932392      -0.76004887387582576     
         380   1.5560424716242387        8.5099999999999998        1.5051390889140261       0.52283243622344644        1.7386530913083944      -0.76344406866280401     
         385   1.5713104853787712        8.5030000000000001        1.5062738310484145       0.52365734624443627        1.7770703515943638      -0.76690787827116369     
         390   1.5865771216484497        8.4949999999999992        1.5070301174759337       0.52441366150884883        1.8158528540777141      -0.77021065943851474     
         395   1.6018424015839916        8.4879999999999995        1.5080409124636123       0.52519816686037613        1.8550762262748544      -0.77358386109265187     
         400   1.6171063457990587        8.4800000000000004        1.5086776913089663       0.52591561395473496        1.8946642825941853      -0.77679745158185909     
         405   1.6323689743891809        8.4730000000000008        1.5095710907785613       0.52666179182972206        1.9346932633479781      -0.78008317766533797     
         410   1.6476303069498335        8.4649999999999999        1.5100947070384145       0.52734237579546139        1.9750864043405585      -0.78321065854427729     
         415   1.6628903625937055        8.4580000000000002        1.5108768590387434       0.52805217676554184        2.0159205383382890      -0.78641190459278676     
         420   1.6781491599672151        8.4499999999999993        1.5112932674877231       0.52869778055488414        2.0571183395529298      -0.78945622216192857     
         425   1.6934067172662994        8.4429999999999996        1.5119699452814195       0.52937303754563214        2.0987572148132472      -0.79257585367981509     
         430   1.7086630522515254        8.4359999999999999        1.5125956677797960       0.53003155981889050        2.1407983802579409      -0.79565573923349520     
         435   1.7239181822625540        8.4280000000000008        1.5128613667589526       0.53062786719767085        2.1832025357474105      -0.79858058511353369     
         440   1.7391721242319917        8.4209999999999994        1.5133896307310524       0.53125439409372943        2.2260478947324436      -0.80158292114758922     
         445   1.7544248946986629        8.4130000000000003        1.5135614798054429       0.53181995143419403        2.2692558156796960      -0.80443141994152578     
         450   1.7696765098203260        8.4060000000000006        1.5139972329680096       0.53241605644134049        2.3129050470307533      -0.80735877464236505     
         455   1.7849269853858707        8.3979999999999997        1.5140800257363192       0.53295238295766723        2.3569164337022723      -0.81013345188400154     
         460   1.8001763368270152        8.3910000000000000        1.5144279247568344       0.53351954804857094        2.4013692463820133      -0.81298828451459693     
         465   1.8154245792295303        8.3840000000000003        1.5147332892058041       0.53407266315470503        2.4462238053858139      -0.81580776035347879     
         470   1.8306717273440145        8.3759999999999994        1.5146906034662593       0.53456769647105085        2.4914399572646473      -0.81847622474615533     
         475   1.8459177955962403        8.3689999999999998        1.5149145978879719       0.53509393833811525        2.5370977100657446      -0.82122667216780798     
         480   1.8611627980970931        8.3620000000000001        1.5150991612021969       0.53560712185491322        2.5831570274136300      -0.82394345065918506     
         485   1.8764067486521239        8.3539999999999992        1.5149402880598128       0.53606381518151913        2.6295774127939326      -0.82651079768064073     
         490   1.8916496607707296        8.3469999999999995        1.5150494158861765       0.53655201893683102        2.6764395893554793      -0.82916182569153796     
         495   1.9068915476749824        8.3399999999999999        1.5151219554457556       0.53702807367437788        2.7237031734496111      -0.83178076918133126     
         500   1.9221324223081240        8.3330000000000002        1.5151588015941557       0.53749226622134205        2.7713681173257698      -0.83436813388225861     
