           5  0.22591778025387085        5.8390000000000004       0.16666972514438930        8.4378867572563895E-002   9.9999999999999988E-019  -6.6988460700411853E-002
          10  0.23082729125051718        7.8380000000000001       0.40661297097641402       0.15335269688429484        1.4060953551861157E-002 -0.12808328355204879     
          15  0.23573811210635764        9.1500000000000004       0.65231856661218468       0.21074345429487581        2.1546817113191858E-002 -0.18424313856028007     
          20  0.24065018850644151        10.103999999999999       0.88557061953606608       0.25908681404840422        2.9329831030323387E-002 -0.23607652984651398     
          25  0.24556346976369625        10.836000000000000        1.1010523518173325       0.30036852444614442        3.7417505281557233E-002 -0.28422421837437140     
          30  0.25047790848975460        11.416000000000000        1.2975234269605795       0.33598253016402374        4.5808373769201119E-002 -0.32913262923112507     
          35  0.25539346030312138        11.885999999999999        1.4756065235223335       0.36698666952896530        5.4501648961758485E-002 -0.37117600144026952     
          40  0.26031008356963897        12.273999999999999        1.6369215579793932       0.39423683351017880        6.3502220304284304E-002 -0.41072216698524033     
          45  0.26522773917099435        12.597000000000000        1.7824090029747433       0.41826900797559446        7.2796770925524681E-002 -0.44791097190364304     
          50  0.27014639029765819        12.869999999999999        1.9142584503346274       0.43968077300488989        8.2397376887272542E-002 -0.48309132931730264     
          55  0.27506600226318029        13.103000000000000        2.0340399176794786       0.45888533539299126        9.2306008839822179E-002 -0.51647946981805104     
          60  0.27998654233721565        13.302000000000000        2.1424864860703785       0.47612018788982813       0.10250929581259734      -0.54811822417945488     
          65  0.28490797959502495        13.474000000000000        2.2413359087851878       0.49172903715022814       0.11301877791543433      -0.57826756178154892     
          70  0.28983028478150924        13.622999999999999        2.3314304999341799       0.50590056632848346       0.12382950962334299      -0.60701093044911802     
          75  0.29475343018810213        13.752000000000001        2.4134256498184015       0.51878033942604207       0.13493465744110322      -0.63439968993980156     
          80  0.29967738954106599        13.866000000000000        2.4891351662590950       0.53065557742675273       0.14635785469995677      -0.66075676516854198     
          85  0.30460213789992913        13.965000000000000        2.5581659814476723       0.54150594368835858       0.15807230928691957      -0.68592242028812522     
          90  0.30952765156496320        14.052000000000000        2.6216525529835719       0.55150879380592888       0.17009000960108112      -0.71008945783900068     
          95  0.31445390799273698        14.129000000000000        2.6803465505178439       0.56078317144327516       0.18241605238367495      -0.73337673479226717     
         100  0.31938088571890327        14.196999999999999        2.7345703000251489       0.56938753959617117       0.19504629495605486      -0.75581084108249874     
         105  0.32430856428747729        14.256000000000000        2.7841821971967033       0.57731841951306428       0.20796520226376145      -0.77730986856764228     
         110  0.32923692418595135        14.308999999999999        2.8305904362346896       0.58476746270126911       0.22120026669036838      -0.79817628604458246     
         115  0.33416594678567052        14.355000000000000        2.8732097431363943       0.59167004468421569       0.23472618231528061      -0.81823009175339501     
         120  0.33909561428695634        14.396000000000001        2.9130014407608784       0.59815578869110952       0.24856118189381768      -0.83767920783636718     
         125  0.34402590966852592        14.432000000000000        2.9499222762307831       0.60422612892938687       0.26269647632869292      -0.85648509481928292     
         130  0.34895681664080319        14.464000000000000        2.9844569252143631       0.60994735240618414       0.27713918005030524      -0.87474755090172285     
         135  0.35388831960276251        14.492000000000001        3.0165818494986487       0.61532170789102381       0.29188230091545381      -0.89243838774510553     
         140  0.35882040360198425        14.516000000000000        3.0462780804165219       0.62035178262381296       0.30691918841769411      -0.90953085803278255     
         145  0.36375305429763499        14.537000000000001        3.0740570540824970       0.62510443737682575       0.32225993671212227      -0.92614238233237356     
         150  0.36868625792611565        14.555999999999999        3.1004394152751198       0.62964629324741683       0.33791613809446708      -0.94239951685230383     
         155  0.37362000126914613        14.571000000000000        3.1243669698679257       0.63385238421881329       0.35384978526606636      -0.95799783006425920     
         160  0.37855427162407895        14.585000000000001        3.1474229117677242       0.63791691353471203       0.37010723394648698      -0.97336039651850359     
         165  0.38348905677625506        14.596000000000000        3.1685512607311206       0.64171520745860144       0.38665061501168402      -0.98818251532431634     
         170  0.38842434497323247        14.606000000000000        3.1888151541814893       0.64537702019013043       0.40351135467321114       -1.0027527922304234     
         175  0.39336012490073563        14.614000000000001        3.2076889477079567       0.64884146066072246       0.42066891789418748       -1.0169139964695324     
         180  0.39829638566018705        14.619999999999999        3.2251774771649155       0.65211125244940338       0.43812021429356895       -1.0306576834452825     
         185  0.40323311674769596        14.625000000000000        3.2418189102243180       0.65525195453274188       0.45588088999901671       -1.0441320785639143     
         190  0.40817030803439058        14.629000000000000        3.2576203972401916       0.65826578821326120       0.47394887590852841       -1.0573340599849821     
         195  0.41310794974799009        14.631000000000000        3.2720562213391240       0.66109244716663595       0.49230314529255426       -1.0701018484808973     
         200  0.41804603245552296        14.632999999999999        3.2861995935125354       0.66385925397338674       0.51097972044590290       -1.0827491860048024     
         205  0.42298454704710536        14.632999999999999        3.2989920525864962       0.66644351341827557       0.52993848510530817       -1.0949546397067860     
         210  0.42792348472070096        14.632999999999999        3.3115073786224416       0.66897178803125357       0.54921655994979590       -1.1070375966636921     
         215  0.43286283696779160        14.632000000000000        3.3232200653780670       0.67138379953270011       0.56879304841237144       -1.1188358114560510     
         220  0.43780259555989220        14.630000000000001        3.3341377186462955       0.67368155547828756       0.58866642370234756       -1.1303474085703213     
         225  0.44274275253585094        14.627000000000001        3.3442679734566632       0.67586702328815917       0.60883523293262243       -1.1415707058270363     
         230  0.44768330018987867        14.622999999999999        3.3536184836048237       0.67794212944827525       0.62929809231753531       -1.1525042099781810     
         235  0.45262423106025790        14.619000000000000        3.3627289848630695       0.67996983951905721       0.65007444338904974       -1.1633146996506549     
         240  0.45756553791868437        14.615000000000000        3.3716061067451339       0.68195145549070280       0.67116360761856564       -1.1740039536540152     
         245  0.46250721376019865        14.609999999999999        3.3797248206685797       0.68382751877192816       0.69254380496755041       -1.1844036791890853     
         250  0.46744925179366836        14.605000000000000        3.3876234853075227       0.68566032826637691       0.71423519329016849       -1.1946837776071142     
         255  0.47239164543278428        14.599000000000000        3.3947775132286306       0.68739070740580344       0.73621570852723595       -1.2046741664474381     
         260  0.47733438828753849        14.593000000000000        3.4017242278031499       0.68908051440438534       0.75850595673660914       -1.2145466917418215     
         265  0.48227747415615047        14.586000000000000        3.4079396253877579       0.69067085754272006       0.78108359491303547       -1.2241296051409101     
         270  0.48722089701741600        14.579000000000001        3.4139598726862528       0.69222315869751105       0.80396965465386183       -1.2335965589264102     
         275  0.49216465102344964        14.571999999999999        3.4197903233979221       0.69373844909679605       0.82716369631195785       -1.2429493275274306     
         280  0.49710873049279836        14.565000000000000        3.4254361543302863       0.69521772604956400       0.85066530136098117       -1.2521896547680191     
         285  0.50205312990390094        14.557000000000000        3.4303747880349014       0.69660267579448176       0.87445157896680381       -1.2611426965006862     
         290  0.50699784388887503        14.548999999999999        3.4351397691309513       0.69795386576629159       0.89854433751016916       -1.2699852836830174     
         295  0.51194286722760984        14.541000000000000        3.4397358066457575       0.69927219755383785       0.92294322925676087       -1.2787191270308844     
         300  0.51688819484214787        14.532999999999999        3.4441674558512898       0.70055854345665736       0.94764792342896376       -1.2873459068909041     
         305  0.52183382179133642        14.523999999999999        3.4479139183335414       0.70175517324000436       0.97263501052564627       -1.2956880652676630     
         310  0.52677974326573651        14.516000000000000        3.4520304728566198       0.70298022733877319       0.99795024184170100       -1.3041050167389654     
         315  0.53172595458277161        14.507000000000000        3.4554714816150987       0.70411751981907711        1.0235470051201265       -1.3122393672317734     
         320  0.53667245118210194        14.497999999999999        3.4587661609094709       0.70522638840601903        1.0494481351929272       -1.3202719385889479     
         325  0.54161922862121603        14.489000000000001        3.4619183926513455       0.70630757212760198        1.0756533848333278       -1.3282043148044791     
         330  0.54656628257122153        14.480000000000000        3.4649319349719154       0.70736178657956517        1.1021625190181543       -1.3360380510733785     
         335  0.55151360881282874        14.471000000000000        3.4678104268403795       0.70838972479594875        1.1289753143351495       -1.3437746743287733     
         340  0.55646120323251314        14.462000000000000        3.4705573924870352       0.70939205808298378        1.1560915584039215       -1.3514156837710423     
         345  0.56140906181885042        14.452000000000000        3.4726562358724413       0.71031222546752193        1.1834868852029810       -1.3587789651133997     
         350  0.56635718065901175        14.443000000000000        3.4751509473688342       0.71126544601144681        1.2112093111799995       -1.3662326563263643     
         355  0.57130555593541199        14.433000000000000        3.4770054108715436       0.71213807039022359        1.2392102041609943       -1.3734105716275840     
         360  0.57625418392250338        14.423999999999999        3.4792606981669261       0.71304461788226536        1.2675380925957511       -1.3806826758587705     
         365  0.58120306098370544        14.414000000000000        3.4808832214042367       0.71387205971364842        1.2961438782048458       -1.3876809057547641     
         370  0.58615218356846688        14.404999999999999        3.4829111346361312       0.71473422647132945        1.3250765791281536       -1.3947769466788194     
         375  0.59110154820944882        14.395000000000000        3.4843134035689607       0.71551870402605866        1.3542866491583585       -1.4016009656072281     
         380  0.59605115151982702        14.385999999999999        3.4861252684068966       0.71633864540566639        1.3838235754261443       -1.4085262672532335     
         385  0.60100099019070341        14.375999999999999        3.4873182686358892       0.71708224478003868        1.4136373807324527       -1.4151813513694238     
         390  0.60595106098862617        14.366000000000000        3.4884108996867420       0.71780622652732040        1.4437528102813568       -1.4217537070742245     
         395  0.61090136075320778        14.356999999999999        3.4899188029637838       0.71856667308429101        1.4741950468028622       -1.4284322805910619     
         400  0.61585188639483968        14.347000000000000        3.4908174365461999       0.71925267677830262        1.5049134882094573       -1.4348432716367161     
         405  0.62080263489249821        14.337000000000000        3.4916229970480410       0.71992044716459425        1.5359332217306749       -1.4411752327574934     
         410  0.62575360329163654        14.327000000000000        3.4923377740645516       0.72057041847336278        1.5672541480780140       -1.4474293556002391     
         415  0.63070478870215974        14.318000000000000        3.4934743528261385       0.72125801072290308        1.5989018735359797       -1.4537958026989715     
         420  0.63565618829647674        14.308000000000000        3.4940134666925240       0.72187348745828228        1.6308250056466815       -1.4598980336704244     
         425  0.64060779930762990        14.298000000000000        3.4944682733370720       0.72247239481779857        1.6630490599593317       -1.4659258628790768     
         430  0.64555961902749304        14.289000000000000        3.4953491059299182       0.72310967235718260        1.6955999391321106       -1.4720702696750643     
         435  0.65051164480503954        14.279000000000000        3.4956406485261793       0.72367644303466805        1.7284256934264557       -1.4779528656855756     
         440  0.65546387404467454        14.270000000000000        3.4963607536907095       0.72428203328425111        1.7615783002470933       -1.4839547314542241     
         445  0.66041630420462927        14.260000000000000        3.4964967194506653       0.72481813043128507        1.7950054572184007       -1.4896963299790047     
         450  0.66536893279541498        14.250000000000000        3.4965579903577106       0.72533948500678380        1.8287331680767656       -1.4953688499722915     
         455  0.67032175737833255        14.241000000000000        3.4970512201520525       0.72590026582480005        1.8627877953871785       -1.5011644655694680     
         460  0.67527477556403737        14.231000000000000        3.4969676499136972       0.72639299035335758        1.8971165177463085       -1.5067020699579989     
         465  0.68022798501115456        14.222000000000000        3.4973180717594108       0.72692550407651524        1.9317722063572771       -1.5123651923051100     
         470  0.68518138342494539        14.212000000000000        3.4970963293693371       0.72739086911345785        1.9667017103694409       -1.5177717516806399     
         475  0.69013496855601830        14.202999999999999        3.4973104351133153       0.72789635601475688        2.0019582377149829       -1.5233061513502113     
         480  0.69508873819908901        14.194000000000001        3.4974583805572075       0.72838870524909438        2.0375151455302580       -1.5287776688575072     
         485  0.70004269019177945        14.183999999999999        3.4970407595070601       0.72881519762830171        2.0733454814698393       -1.5339947160235203     
         490  0.70499682241346251        14.175000000000001        3.4970614799320177       0.72928225850370643        2.1095029335417377       -1.5393429140216177     
         495  0.70995113278414335        14.166000000000000        3.4970204052592986       0.72973701782273614        2.1459606285318387       -1.5446308499453434     
         500  0.71490561926338048        14.156000000000001        3.4964199821116773       0.73012713327357837        2.1826913944206381       -1.5496663315918808     
