           5  0.35702187033351557        3.8650000000000002        7.5517630450070261E-002   5.7758287045974500E-002
          10  0.37139800390320254        5.2020000000000000       0.18703689008706606       0.10628509705192690     
          15  0.38578996100340807        6.0839999999999996       0.30375731458633398       0.14758865938786936     
          20  0.40019661122585243        6.7290000000000001       0.41695929740978327       0.18317178705463294     
          25  0.41461695196915571        7.2260000000000000       0.52355769144944775       0.21418153926811875     
          30  0.42905008913801657        7.6200000000000001       0.62221844982608454       0.24138115538971688     
          35  0.44349522142861059        7.9390000000000001       0.71281618797545920       0.26541606157822845     
          40  0.45795162741900847        8.2020000000000000       0.79586378458678553       0.28683650780570369     
          45  0.47241865487670265        8.4209999999999994       0.87174357054423102       0.30601346340061009     
          50  0.48689571183549224        8.6059999999999999       0.94130976129530597       0.32333049647002338     
          55  0.50138225909696754        8.7620000000000005        1.0046724602262440       0.33895082662215181     
          60  0.51587780388844562        8.8960000000000008        1.0629478112912343       0.35320969551064918     
          65  0.53038189446683648        9.0109999999999992        1.1163830157680108       0.36623148633186353     
          70  0.54489411550171940        9.1099999999999994        1.1654142013077591       0.37816155709449328     
          75  0.55941408410453608        9.1950000000000003        1.2103058252027008       0.38909785668690305     
          80  0.57394144639683542        9.2699999999999996        1.2520893360140493       0.39927400042693961     
          85  0.58847587453084804        9.3339999999999996        1.2902365702071834       0.40861753474128987     
          90  0.60301706409167188        9.3900000000000006        1.3255939232928913       0.41731150764622293     
          95  0.61756473182304583        9.4390000000000001        1.3583927026959202       0.42541696245596378     
         100  0.63211861362882826        9.4819999999999993        1.3888955012559079       0.43299718085583816     
         105  0.64667846281044195        9.5190000000000001        1.4170407884970073       0.44005450665577167     
         110  0.66124404850713903        9.5510000000000002        1.4431304470441804       0.44665499280139515     
         115  0.67581515431130368        9.5790000000000006        1.4674848280434492       0.45286514386246357     
         120  0.69039157703539022        9.6039999999999992        1.4904389133209459       0.45875147966422480     
         125  0.70497312561070535        9.6250000000000000        1.5116239646628753       0.46425701936008401     
         130  0.71955962010122154        9.6430000000000007        1.5313870551940720       0.46944882185863490     
         135  0.73415089081808338        9.6579999999999995        1.5497240196897542       0.47433220454590908     
         140  0.74874677752253094        9.6709999999999994        1.5669943835856992       0.47897352108965935     
         145  0.76334712870669708        9.6820000000000004        1.5832014556513971       0.48337763303188425     
         150  0.77795180094318406        9.6910000000000007        1.5983497727654945       0.48754945872745420     
         155  0.79256065829555700        9.6980000000000004        1.6124449627469675       0.49149394135411856     
         160  0.80717357178292803        9.7040000000000006        1.6258570892510271       0.49527571054284109     
         165  0.82179041889269455        9.7089999999999996        1.6385945533998749       0.49889879436003037     
         170  0.83641108313624446        9.7119999999999997        1.6503018193153258       0.50230806739420830     
         175  0.85103545364309274        9.7140000000000004        1.6613512896378451       0.50556712101257906     
         180  0.86566342478946623        9.7149999999999999        1.6717519218194952       0.50867977995806113     
         185  0.88029489585783194        9.7149999999999999        1.6815126999583885       0.51164978430566066     
         190  0.89492977072427859        9.7140000000000004        1.6906426094259053       0.51448078563503008     
         195  0.90956795757101871        9.7129999999999992        1.6995147599891340       0.51723392300369397     
         200  0.92420936862159075        9.7110000000000003        1.7077735978700816       0.51985447825391840     
         205  0.93885391989660716        9.7080000000000002        1.7154278229611708       0.52234582836422982     
         210  0.95350153098813872        9.7050000000000001        1.7228496218718925       0.52476792333590461     
         215  0.96815212485102486        9.7010000000000005        1.7296834176052762       0.52706668474358487     
         220  0.98280562760958567        9.6969999999999992        1.7363005022052478       0.52930127947369054     
         225  0.99746196837837109        9.6929999999999996        1.7427080694036259       0.53147382196041715     
         230   1.0121210790957196        9.6880000000000006        1.7485507668972187       0.53353088441945662     
         235   1.0267828943690287        9.6820000000000004        1.7538364195779164       0.53547531439824303     
         240   1.0414473513307454        9.6769999999999996        1.7592955904220526       0.53741962513763242     
         245   1.0561143895041820        9.6709999999999994        1.7642112254313547       0.53925557834939419     
         250   1.0707839506783539        9.6649999999999991        1.7689511785265186       0.54104007812341215     
         255   1.0854559787911056        9.6579999999999995        1.7731611599322914       0.54272078855320438     
         260   1.1001304198198689        9.6519999999999992        1.7775673071544360       0.54440761267059146     
         265   1.1148072216794493        9.6449999999999996        1.7814553589253541       0.54599436496996012     
         270   1.1294863341262993        9.6379999999999999        1.7851905270248292       0.54753653114493894     
         275   1.1441677086687785        9.6310000000000002        1.7887777688222597       0.54903553555926288     
         280   1.1588512984829569        9.6240000000000006        1.7922218524128000       0.55049274858387021     
         285   1.1735370583335409        9.6159999999999997        1.7951704332479743       0.55185715874204511     
         290   1.1882249444995512        9.6090000000000000        1.7983423330368056       0.55323496848077580     
         295   1.2029149147044078        9.6010000000000009        1.8010285090152420       0.55452300279004596     
         300   1.2176069280501063        9.5939999999999994        1.8039452429705116       0.55582629081864232     
         305   1.2323009449551958        9.5860000000000003        1.8063854113328137       0.55704264081010291     
         310   1.2469969270962973        9.5779999999999994        1.8087086345544807       0.55822492972339066     
         315   1.2616948373529153        9.5700000000000003        1.8109185723400572       0.55937420258413106     
         320   1.2763946397553205        9.5630000000000006        1.8133717013979995       0.56054195882150903     
         325   1.2910962994352964        9.5549999999999997        1.8153649295107392       0.56162793134520750     
         330   1.3057997825795618        9.5470000000000006        1.8172550622089787       0.56268380203408463     
         335   1.3205050563856919        9.5389999999999997        1.8190452524282681       0.56371047222684689     
         340   1.3352120890203785        9.5310000000000006        1.8207385393215658       0.56470881099832093     
         345   1.3499208495798749        9.5229999999999997        1.8223378529883871       0.56567965649192964     
         350   1.3646313080524921        9.5150000000000006        1.8238460189827572       0.56662381719016852     
         355   1.3793434352830192        9.5069999999999997        1.8252657626132220       0.56754207312684124     
         360   1.3940572029389395        9.4990000000000006        1.8265997130443745       0.56843517704365187     
         365   1.4087725834783458        9.4909999999999997        1.8278504072098347       0.56930385549392182     
         370   1.4234895501194396        9.4830000000000005        1.8290202935471267       0.57014880989637484     
         375   1.4382080768115300        9.4749999999999996        1.8301117355621870       0.57097071754110729     
         380   1.4529281382074335        9.4670000000000005        1.8311270152325281       0.57177023255027937     
         385   1.4676497096372030        9.4589999999999996        1.8320683362576571       0.57254798679594598     
         390   1.4823727670830988        9.4520000000000000        1.8332826392239840       0.57335177504697821     
         395   1.4970972871557386        9.4440000000000008        1.8340817828558702       0.57408760125536495     
         400   1.5118232470713555        9.4359999999999999        1.8348131417966089       0.57480343981945847     
         405   1.5265506246301004        9.4280000000000008        1.8354786364470477       0.57549984198506643     
         410   1.5412793981953345        9.4209999999999994        1.8364226689674428       0.57622366427851957     
         415   1.5560095466738568        9.4130000000000003        1.8369613781715124       0.57688256729824217     
         420   1.5707410494970118        9.4049999999999994        1.8374396121765035       0.57752358336678977     
         425   1.5854738866026326        9.3979999999999997        1.8381999245990410       0.57819289658534900     
         430   1.6002080384177779        9.3900000000000006        1.8385616329010679       0.57879936943322940     
         435   1.6149434858422138        9.3819999999999997        1.8388677422119839       0.57938935845867512     
         440   1.6296802102326060        9.3750000000000000        1.8394590014834007       0.58000840189973790     
         445   1.6444181933873860        9.3670000000000009        1.8396578773857684       0.58056652715844292     
         450   1.6591574175322550        9.3599999999999994        1.8401437235465576       0.58115415145116345     
         455   1.6738978653062908        9.3529999999999998        1.8405786994930304       0.58172657747288137     
         460   1.6886395197486321        9.3450000000000006        1.8406270532833211       0.58223987335842620     
         465   1.7033823642857080        9.3379999999999992        1.8409648032139370       0.58278325451495372     
         470   1.7181263827189850        9.3309999999999995        1.8412555899207264       0.58331257292625771     
         475   1.7328715592132111        9.3230000000000004        1.8411651107281621       0.58378442075466608     
         480   1.7476178782851244        9.3160000000000007        1.8413661169948305       0.58428685533442393     
         485   1.7623653247926123        9.3089999999999993        1.8415237164008296       0.58477626167790120     
         490   1.7771138839242937        9.3019999999999996        1.8416390239236073       0.58525296470059962     
         495   1.7918635411895067        9.2949999999999999        1.8417131208842419       0.58571727959310216     
         500   1.8066142824086848        9.2880000000000003        1.8417470561277702       0.58616951216008806     
